0 0.430469 0.009277 0.015625 0.018555
0 0.553125 0.006836 0.014063 0.013672
0 0.939453 0.010742 0.017969 0.021484
0 0.108203 0.005859 0.008594 0.009766
0 0.572656 0.008789 0.010937 0.015625
0 0.960156 0.008789 0.012500 0.015625
0 0.388672 0.010254 0.011719 0.016602
0 0.039844 0.015625 0.015625 0.019531
0 0.074219 0.013672 0.010937 0.015625
0 0.175000 0.012207 0.009375 0.010742
0 0.657813 0.011719 0.007812 0.009766
0 0.775000 0.020996 0.021875 0.026367
0 0.858203 0.028809 0.022656 0.034180
0 0.758594 0.019531 0.010937 0.011719
0 0.930078 0.025391 0.014844 0.017578
0 0.198828 0.026855 0.011719 0.016602
0 0.607422 0.026855 0.011719 0.014648
0 0.548828 0.033691 0.016406 0.022461
0 0.598047 0.028320 0.007031 0.009766
0 0.983984 0.030762 0.008594 0.010742
0 0.314844 0.035156 0.010937 0.015625
0 0.661719 0.036133 0.010937 0.013672
0 0.787109 0.038086 0.014844 0.017578
0 0.207422 0.038086 0.010156 0.015625
0 0.325391 0.037598 0.007031 0.008789
0 0.910156 0.043457 0.012500 0.014648
0 0.481641 0.043945 0.010156 0.011719
0 0.678906 0.043457 0.009375 0.010742
0 0.126562 0.045898 0.009375 0.013672
0 0.144531 0.047363 0.010937 0.012695
0 0.545312 0.048828 0.009375 0.013672
0 0.791016 0.054688 0.014844 0.019531
0 0.427734 0.053223 0.011719 0.014648
0 0.188672 0.055176 0.011719 0.016602
0 0.246875 0.054199 0.007812 0.010742
0 0.465625 0.059570 0.015625 0.021484
0 0.925391 0.059082 0.013281 0.016602
0 0.702734 0.060059 0.013281 0.014648
0 0.324219 0.062012 0.010937 0.014648
0 0.507422 0.067383 0.014844 0.021484
0 0.944141 0.063965 0.011719 0.014648
0 0.049219 0.063965 0.009375 0.012695
0 0.292578 0.065430 0.010156 0.015625
0 0.687891 0.065918 0.008594 0.010742
0 0.222656 0.066406 0.007812 0.009766
0 0.810156 0.071777 0.014063 0.016602
0 0.393359 0.071289 0.010156 0.011719
0 0.647656 0.071289 0.009375 0.011719
0 0.265625 0.075195 0.014063 0.017578
0 0.384375 0.073242 0.007812 0.009766
0 0.755859 0.076172 0.011719 0.015625
0 0.683594 0.077148 0.012500 0.015625
0 0.425781 0.075195 0.007812 0.009766
0 0.465234 0.077637 0.011719 0.014648
0 0.659375 0.077148 0.006250 0.007812
0 0.798438 0.082520 0.017188 0.018555
0 0.497656 0.087402 0.018750 0.026367
0 0.349609 0.081055 0.008594 0.009766
0 0.273438 0.083496 0.009375 0.012695
0 0.433984 0.086426 0.011719 0.014648
0 0.251563 0.088379 0.014063 0.016602
0 0.602734 0.085938 0.008594 0.011719
0 0.127344 0.086426 0.007812 0.008789
0 0.373437 0.091797 0.010937 0.013672
0 0.725781 0.094238 0.010937 0.014648
0 0.920312 0.094727 0.012500 0.015625
0 0.051172 0.096191 0.011719 0.016602
0 0.682422 0.100098 0.013281 0.016602
0 0.442969 0.101562 0.010937 0.015625
0 0.016406 0.103027 0.014063 0.016602
0 0.905078 0.102539 0.013281 0.015625
0 0.126953 0.108887 0.013281 0.016602
0 0.244141 0.108398 0.008594 0.013672
0 0.911328 0.109863 0.013281 0.016602
0 0.026953 0.110840 0.011719 0.014648
0 0.213672 0.109863 0.010156 0.012695
0 0.885156 0.114258 0.017188 0.019531
0 0.184766 0.109863 0.007031 0.008789
0 0.523438 0.113281 0.012500 0.015625
0 0.447266 0.114258 0.013281 0.015625
0 0.613281 0.113281 0.004687 0.005859
0 0.856641 0.121582 0.016406 0.020508
0 0.072656 0.118652 0.006250 0.010742
0 0.970313 0.120605 0.010937 0.012695
0 0.826172 0.123535 0.013281 0.016602
0 0.146094 0.125000 0.012500 0.017578
0 0.708594 0.122559 0.009375 0.012695
0 0.238672 0.127441 0.014844 0.018555
0 0.519922 0.127930 0.016406 0.019531
0 0.626953 0.125977 0.011719 0.013672
0 0.583203 0.126465 0.010156 0.012695
0 0.907813 0.130371 0.010937 0.012695
0 0.411719 0.130859 0.009375 0.011719
0 0.567187 0.131836 0.010937 0.013672
0 0.370312 0.132812 0.009375 0.011719
0 0.131250 0.144531 0.010937 0.015625
0 0.812891 0.142578 0.010156 0.011719
0 0.045703 0.149414 0.017969 0.023438
0 0.421094 0.145020 0.007812 0.010742
0 0.614062 0.152344 0.010937 0.015625
0 0.771875 0.156250 0.017188 0.019531
0 0.855469 0.153320 0.009375 0.011719
0 0.669531 0.160156 0.012500 0.015625
0 0.784375 0.160156 0.012500 0.015625
0 0.375391 0.162109 0.010156 0.013672
0 0.264453 0.166992 0.005469 0.007812
0 0.605859 0.172852 0.008594 0.011719
0 0.475000 0.175781 0.009375 0.011719
0 0.215625 0.178223 0.009375 0.012695
0 0.889453 0.178223 0.011719 0.012695
0 0.159375 0.181152 0.010937 0.012695
0 0.289844 0.181152 0.009375 0.012695
0 0.632812 0.187012 0.018750 0.024414
0 0.467578 0.184082 0.013281 0.016602
0 0.167187 0.187500 0.010937 0.013672
0 0.355859 0.191406 0.013281 0.017578
0 0.615234 0.193848 0.010156 0.012695
0 0.742188 0.198242 0.009375 0.011719
0 0.096094 0.200684 0.010937 0.012695
0 0.459766 0.200195 0.010156 0.011719
0 0.581641 0.203125 0.010156 0.013672
0 0.163672 0.204102 0.007031 0.009766
0 0.643359 0.209473 0.010156 0.012695
0 0.352734 0.209961 0.008594 0.011719
0 0.826953 0.210449 0.010156 0.012695
0 0.741797 0.212402 0.011719 0.014648
0 0.522266 0.211426 0.008594 0.010742
0 0.991406 0.215820 0.015625 0.019531
0 0.052734 0.213379 0.010156 0.012695
0 0.343359 0.219727 0.011719 0.015625
0 0.562109 0.217773 0.007031 0.009766
0 0.408594 0.223633 0.007812 0.009766
0 0.896094 0.230469 0.020313 0.021484
0 0.499609 0.230469 0.010156 0.013672
0 0.772266 0.228516 0.007031 0.007812
0 0.814063 0.231445 0.010937 0.013672
0 0.430469 0.233398 0.009375 0.013672
0 0.491797 0.235352 0.010156 0.013672
0 0.746094 0.240723 0.009375 0.012695
0 0.532813 0.241699 0.009375 0.012695
0 0.622266 0.250977 0.019531 0.019531
0 0.260937 0.249512 0.006250 0.006836
0 0.487109 0.253418 0.008594 0.010742
0 0.916016 0.258789 0.016406 0.017578
0 0.300000 0.262207 0.012500 0.016602
0 0.829688 0.258789 0.007812 0.009766
0 0.373047 0.258301 0.005469 0.006836
0 0.106250 0.263672 0.009375 0.011719
0 0.627734 0.265137 0.011719 0.014648
0 0.565234 0.270996 0.008594 0.010742
0 0.073438 0.273438 0.009375 0.011719
0 0.891016 0.279297 0.014844 0.015625
0 0.021094 0.281250 0.015625 0.017578
0 0.537500 0.284668 0.009375 0.012695
0 0.263281 0.291504 0.014063 0.016602
0 0.170703 0.292480 0.007031 0.008789
0 0.156250 0.304199 0.017188 0.020508
0 0.286719 0.303711 0.009375 0.013672
0 0.381641 0.303223 0.007031 0.010742
0 0.392578 0.303711 0.008594 0.011719
0 0.973437 0.304688 0.010937 0.009766
0 0.479297 0.312012 0.014844 0.016602
0 0.905859 0.311523 0.011719 0.013672
0 0.324609 0.312012 0.008594 0.012695
0 0.864844 0.317383 0.012500 0.013672
0 0.896875 0.317871 0.012500 0.012695
0 0.962109 0.321777 0.011719 0.012695
0 0.529687 0.322266 0.009375 0.011719
0 0.347266 0.325195 0.011719 0.015625
0 0.191406 0.324219 0.007812 0.009766
0 0.544922 0.325684 0.010156 0.012695
0 0.591016 0.326172 0.008594 0.011719
0 0.898438 0.329102 0.012500 0.013672
0 0.696094 0.331055 0.010937 0.013672
0 0.183594 0.333008 0.010937 0.013672
0 0.080078 0.337402 0.011719 0.014648
0 0.550000 0.335449 0.007812 0.010742
0 0.312891 0.340332 0.011719 0.014648
0 0.031250 0.341309 0.009375 0.012695
0 0.635547 0.344238 0.010156 0.014648
0 0.912109 0.344727 0.013281 0.013672
0 0.297266 0.344727 0.008594 0.011719
0 0.984766 0.345215 0.013281 0.012695
0 0.400000 0.347656 0.010937 0.013672
0 0.869141 0.345703 0.007031 0.007812
0 0.704688 0.348145 0.007812 0.010742
0 0.883594 0.350586 0.014063 0.015625
0 0.443750 0.353516 0.009375 0.011719
0 0.570703 0.357910 0.011719 0.020508
0 0.047266 0.356934 0.008594 0.012695
0 0.217969 0.358398 0.010937 0.013672
0 0.683594 0.359863 0.009375 0.010742
0 0.628516 0.363770 0.010156 0.012695
0 0.212500 0.366211 0.006250 0.007812
0 0.881250 0.370117 0.009375 0.011719
0 0.928516 0.373535 0.016406 0.018555
0 0.586719 0.374512 0.014063 0.018555
0 0.340625 0.372070 0.007812 0.009766
0 0.038672 0.374512 0.007031 0.010742
0 0.915234 0.380859 0.016406 0.019531
0 0.447266 0.381348 0.019531 0.018555
0 0.669141 0.378906 0.011719 0.013672
0 0.841797 0.378418 0.008594 0.010742
0 0.825000 0.381348 0.012500 0.014648
0 0.278125 0.386230 0.018750 0.022461
0 0.652344 0.381836 0.006250 0.007812
0 0.505078 0.384766 0.008594 0.011719
0 0.778125 0.387207 0.012500 0.014648
0 0.932031 0.391602 0.015625 0.021484
0 0.795312 0.386719 0.007812 0.009766
0 0.476562 0.388672 0.007812 0.009766
0 0.369141 0.392578 0.011719 0.015625
0 0.719141 0.392578 0.013281 0.015625
0 0.885547 0.395996 0.017969 0.020508
0 0.984766 0.394531 0.014844 0.015625
0 0.136719 0.394531 0.009375 0.011719
0 0.201953 0.394531 0.007031 0.009766
0 0.817187 0.395020 0.004687 0.006836
0 0.770703 0.398926 0.010156 0.012695
0 0.942578 0.401367 0.008594 0.009766
0 0.530078 0.404785 0.011719 0.014648
0 0.004687 0.408203 0.009375 0.015625
0 0.103125 0.408203 0.009375 0.011719
0 0.444922 0.410156 0.013281 0.015625
0 0.077344 0.410645 0.010937 0.012695
0 0.119531 0.409668 0.004687 0.006836
0 0.508594 0.413086 0.010937 0.013672
0 0.907813 0.415039 0.015625 0.015625
0 0.535156 0.414551 0.009375 0.012695
0 0.754297 0.414551 0.008594 0.010742
0 0.381641 0.420410 0.010156 0.012695
0 0.625391 0.423340 0.010156 0.012695
0 0.158594 0.422363 0.006250 0.008789
0 0.341797 0.426758 0.008594 0.011719
0 0.401562 0.430176 0.007812 0.010742
0 0.540625 0.430176 0.007812 0.010742
0 0.230078 0.437012 0.013281 0.016602
0 0.526563 0.435059 0.009375 0.012695
0 0.746875 0.437012 0.014063 0.016602
0 0.862500 0.435547 0.012500 0.013672
0 0.215234 0.438477 0.011719 0.015625
0 0.294141 0.436523 0.007031 0.009766
0 0.454297 0.437988 0.007031 0.008789
0 0.401172 0.441406 0.008594 0.011719
0 0.470313 0.442871 0.010937 0.014648
0 0.495312 0.441406 0.009375 0.011719
0 0.805078 0.443359 0.011719 0.013672
0 0.204687 0.443359 0.009375 0.011719
0 0.972656 0.446777 0.015625 0.016602
0 0.096094 0.444336 0.007812 0.009766
0 0.533984 0.446289 0.008594 0.011719
0 0.757031 0.448242 0.007812 0.009766
0 0.928125 0.452637 0.014063 0.016602
0 0.765625 0.452148 0.012500 0.013672
0 0.866406 0.457031 0.009375 0.009766
0 0.484766 0.458008 0.007031 0.009766
0 0.250000 0.459473 0.007812 0.010742
0 0.315625 0.460449 0.009375 0.012695
0 0.434766 0.462402 0.011719 0.014648
0 0.201953 0.463867 0.010156 0.013672
0 0.375391 0.462891 0.010156 0.011719
0 0.920312 0.469727 0.020313 0.023438
0 0.391016 0.466797 0.008594 0.011719
0 0.980078 0.465820 0.008594 0.009766
0 0.866406 0.469238 0.012500 0.014648
0 0.518359 0.473145 0.010156 0.012695
0 0.291016 0.478027 0.014844 0.020508
0 0.484375 0.472656 0.007812 0.009766
0 0.151562 0.476074 0.012500 0.014648
0 0.778125 0.475098 0.009375 0.010742
0 0.014453 0.479004 0.010156 0.012695
0 0.442578 0.479004 0.008594 0.010742
0 0.690625 0.477051 0.004687 0.006836
0 0.818359 0.482422 0.014844 0.017578
0 0.369922 0.481934 0.010156 0.012695
0 0.247266 0.481934 0.008594 0.010742
0 0.959375 0.486816 0.015625 0.016602
0 0.414844 0.487305 0.009375 0.011719
0 0.296094 0.496094 0.015625 0.019531
0 0.460156 0.491211 0.007812 0.009766
0 0.346875 0.493652 0.009375 0.012695
0 0.689063 0.491699 0.007812 0.008789
0 0.119531 0.494141 0.009375 0.011719
0 0.021094 0.496094 0.007812 0.009766
0 0.848047 0.500977 0.013281 0.015625
0 0.335938 0.501953 0.012500 0.015625
0 0.445703 0.502441 0.008594 0.010742
0 0.614844 0.502930 0.009375 0.011719
0 0.855859 0.504395 0.010156 0.010742
0 0.100781 0.510742 0.010937 0.013672
0 0.994141 0.510254 0.007031 0.008789
0 0.574609 0.516113 0.008594 0.010742
0 0.401562 0.519531 0.007812 0.013672
0 0.441016 0.520020 0.007031 0.008789
0 0.485938 0.524414 0.009375 0.011719
0 0.532813 0.525879 0.012500 0.014648
0 0.039062 0.526855 0.009375 0.012695
0 0.246484 0.529297 0.010156 0.013672
0 0.336719 0.530273 0.007812 0.009766
0 0.276562 0.532715 0.007812 0.010742
0 0.377734 0.532715 0.008594 0.010742
0 0.982812 0.532227 0.007812 0.007812
0 0.508594 0.539551 0.009375 0.010742
0 0.706641 0.541504 0.013281 0.014648
0 0.153516 0.540527 0.008594 0.010742
0 0.257422 0.542969 0.013281 0.015625
0 0.532813 0.544434 0.007812 0.008789
0 0.450391 0.546387 0.008594 0.010742
0 0.490625 0.549316 0.012500 0.016602
0 0.961328 0.552246 0.014844 0.016602
0 0.329297 0.552734 0.011719 0.015625
0 0.745313 0.552734 0.012500 0.015625
0 0.077734 0.551270 0.008594 0.010742
0 0.148828 0.549805 0.005469 0.005859
0 0.634766 0.552246 0.008594 0.010742
0 0.601562 0.554199 0.010937 0.012695
0 0.264844 0.559570 0.009375 0.011719
0 0.878516 0.564453 0.011719 0.013672
0 0.021875 0.562988 0.007812 0.008789
0 0.510156 0.564453 0.007812 0.011719
0 0.176953 0.566895 0.010156 0.012695
0 0.414844 0.566406 0.007812 0.009766
0 0.971875 0.570801 0.017188 0.018555
0 0.039844 0.571289 0.012500 0.015625
0 0.052344 0.567383 0.006250 0.007812
0 0.282813 0.568359 0.007812 0.009766
0 0.895312 0.573730 0.014063 0.016602
0 0.023828 0.573242 0.011719 0.013672
0 0.376563 0.573730 0.007812 0.008789
0 0.093750 0.589355 0.017188 0.018555
0 0.337109 0.585449 0.008594 0.010742
0 0.539453 0.586426 0.010156 0.012695
0 0.159375 0.585938 0.007812 0.009766
0 0.432031 0.587891 0.007812 0.009766
0 0.593359 0.592285 0.010156 0.012695
0 0.223047 0.593262 0.010156 0.012695
0 0.322656 0.596680 0.014063 0.017578
0 0.153125 0.599121 0.010937 0.014648
0 0.814844 0.596680 0.006250 0.007812
0 0.048438 0.598145 0.006250 0.008789
0 0.403125 0.607910 0.007812 0.010742
0 0.014844 0.611816 0.014063 0.016602
0 0.510156 0.611328 0.012500 0.015625
0 0.302734 0.617188 0.008594 0.015625
0 0.860547 0.615723 0.011719 0.012695
0 0.972266 0.616699 0.011719 0.012695
0 0.392188 0.615234 0.006250 0.007812
0 0.053125 0.621582 0.015625 0.018555
0 0.162500 0.619141 0.009375 0.011719
0 0.224609 0.618652 0.008594 0.010742
0 0.441797 0.618164 0.005469 0.005859
0 0.346484 0.624023 0.010156 0.013672
0 0.660156 0.624023 0.009375 0.011719
0 0.425781 0.629883 0.007812 0.009766
0 0.449219 0.631836 0.009375 0.011719
0 0.186719 0.634277 0.009375 0.014648
0 0.265625 0.638184 0.010937 0.012695
0 0.612109 0.637695 0.008594 0.011719
0 0.681641 0.639160 0.008594 0.010742
0 0.775391 0.641113 0.010156 0.010742
0 0.008984 0.642090 0.007031 0.008789
0 0.220703 0.648926 0.010156 0.016602
0 0.147656 0.649414 0.009375 0.011719
0 0.350391 0.648926 0.007031 0.008789
0 0.508984 0.651855 0.008594 0.010742
0 0.283594 0.657227 0.009375 0.011719
0 0.341016 0.656738 0.008594 0.010742
0 0.566406 0.654785 0.004687 0.006836
0 0.560547 0.659180 0.011719 0.013672
0 0.576953 0.658203 0.010156 0.011719
0 0.445703 0.661621 0.008594 0.010742
0 0.158594 0.664551 0.012500 0.014648
0 0.424219 0.664551 0.010937 0.014648
0 0.028516 0.667480 0.011719 0.014648
0 0.889062 0.667969 0.014063 0.015625
0 0.351562 0.665527 0.004687 0.006836
0 0.812891 0.670410 0.011719 0.014648
0 0.269922 0.669434 0.008594 0.010742
0 0.398828 0.671875 0.011719 0.015625
0 0.744141 0.671875 0.007031 0.007812
0 0.830078 0.672363 0.005469 0.006836
0 0.234766 0.686035 0.010156 0.012695
0 0.782031 0.686523 0.009375 0.011719
0 0.132422 0.689941 0.011719 0.012695
0 0.932813 0.690430 0.007812 0.007812
0 0.142187 0.695801 0.012500 0.014648
0 0.521094 0.692383 0.006250 0.007812
0 0.298047 0.694824 0.007031 0.008789
0 0.592578 0.697754 0.010156 0.014648
0 0.321875 0.697754 0.010937 0.012695
0 0.876172 0.697754 0.008594 0.010742
0 0.679297 0.700195 0.010156 0.013672
0 0.900391 0.697754 0.007031 0.008789
0 0.183594 0.703125 0.014063 0.015625
0 0.547266 0.700684 0.008594 0.010742
0 0.811328 0.703125 0.008594 0.009766
0 0.520312 0.706543 0.006250 0.008789
0 0.203516 0.713867 0.013281 0.017578
0 0.403516 0.713867 0.011719 0.015625
0 0.498437 0.710938 0.007812 0.009766
0 0.808203 0.714844 0.013281 0.015625
0 0.169922 0.716309 0.013281 0.016602
0 0.834766 0.712891 0.008594 0.009766
0 0.378906 0.715820 0.009375 0.011719
0 0.135547 0.719238 0.013281 0.016602
0 0.941797 0.717285 0.008594 0.010742
0 0.192578 0.720703 0.008594 0.011719
0 0.756250 0.726074 0.010937 0.012695
0 0.425391 0.727539 0.008594 0.011719
0 0.631250 0.729980 0.014063 0.016602
0 0.232031 0.733887 0.007812 0.010742
0 0.948828 0.737305 0.011719 0.013672
0 0.683594 0.739258 0.009375 0.009766
0 0.728516 0.742188 0.011719 0.015625
0 0.322656 0.739746 0.006250 0.008789
0 0.010156 0.744629 0.007812 0.008789
0 0.752344 0.745605 0.009375 0.010742
0 0.581641 0.748535 0.010156 0.012695
0 0.085547 0.750488 0.008594 0.010742
0 0.590234 0.749512 0.007031 0.008789
0 0.155469 0.752441 0.007812 0.010742
0 0.388672 0.755371 0.007031 0.008789
0 0.522266 0.756348 0.008594 0.010742
0 0.783594 0.759766 0.009375 0.011719
0 0.069531 0.760254 0.007812 0.010742
0 0.099219 0.763672 0.014063 0.017578
0 0.697266 0.760254 0.008594 0.010742
0 0.277734 0.759277 0.005469 0.006836
0 0.819922 0.770020 0.016406 0.020508
0 0.985547 0.773438 0.011719 0.013672
0 0.062500 0.773438 0.007812 0.011719
0 0.374609 0.770996 0.005469 0.006836
0 0.603906 0.774902 0.010937 0.014648
0 0.080078 0.776367 0.007031 0.009766
0 0.968750 0.775391 0.006250 0.007812
0 0.627344 0.780762 0.012500 0.016602
0 0.158594 0.782227 0.009375 0.011719
0 0.126953 0.787109 0.010156 0.013672
0 0.306250 0.787109 0.007812 0.009766
0 0.221484 0.791992 0.008594 0.011719
0 0.421484 0.791016 0.007031 0.009766
0 0.241797 0.792969 0.007031 0.007812
0 0.760156 0.798340 0.014063 0.018555
0 0.484375 0.794922 0.006250 0.007812
0 0.708203 0.796875 0.010156 0.011719
0 0.784766 0.796875 0.008594 0.009766
0 0.413281 0.800781 0.007812 0.009766
0 0.601953 0.802246 0.010156 0.012695
0 0.500000 0.806152 0.007812 0.010742
0 0.255859 0.807129 0.008594 0.010742
0 0.090625 0.810059 0.009375 0.012695
0 0.477734 0.813477 0.007031 0.009766
0 0.932813 0.818359 0.007812 0.009766
0 0.744141 0.822754 0.007031 0.008789
0 0.154688 0.825684 0.006250 0.008789
0 0.786328 0.826660 0.007031 0.008789
0 0.427344 0.829590 0.007812 0.010742
0 0.753906 0.831543 0.009375 0.010742
0 0.026953 0.837402 0.014844 0.020508
0 0.330859 0.834961 0.010156 0.013672
0 0.005078 0.835938 0.010156 0.013672
0 0.231641 0.838867 0.014844 0.017578
0 0.103906 0.835449 0.006250 0.008789
0 0.928516 0.837891 0.010156 0.011719
0 0.433203 0.836914 0.007031 0.007812
0 0.908984 0.844238 0.013281 0.016602
0 0.107813 0.844238 0.009375 0.012695
0 0.089844 0.849609 0.010937 0.013672
0 0.761719 0.848633 0.007812 0.009766
0 0.249609 0.849609 0.007031 0.009766
0 0.741797 0.855957 0.010156 0.012695
0 0.686719 0.856445 0.009375 0.011719
0 0.643359 0.858398 0.011719 0.013672
0 0.530078 0.861816 0.010156 0.012695
0 0.967969 0.865723 0.010937 0.012695
0 0.782422 0.868652 0.010156 0.016602
0 0.100000 0.868164 0.006250 0.009766
0 0.939844 0.874023 0.014063 0.015625
0 0.326172 0.872070 0.007031 0.009766
0 0.370703 0.878906 0.011719 0.015625
0 0.022266 0.884277 0.013281 0.016602
0 0.139844 0.882324 0.009375 0.010742
0 0.078125 0.887695 0.014063 0.017578
0 0.624609 0.885254 0.007031 0.008789
0 0.698828 0.889648 0.013281 0.015625
0 0.119141 0.888184 0.008594 0.010742
0 0.132812 0.887695 0.006250 0.007812
0 0.599609 0.889648 0.007031 0.009766
0 0.870703 0.888672 0.007031 0.007812
0 0.093359 0.898438 0.014844 0.019531
0 0.268359 0.892578 0.005469 0.007812
0 0.342187 0.896973 0.007812 0.010742
0 0.301563 0.898926 0.009375 0.012695
0 0.847266 0.901367 0.010156 0.011719
0 0.463281 0.900879 0.004687 0.006836
0 0.242578 0.903320 0.007031 0.009766
0 0.198828 0.903809 0.005469 0.006836
0 0.141016 0.907227 0.008594 0.011719
0 0.111328 0.909180 0.010156 0.011719
0 0.643750 0.910156 0.010937 0.013672
0 0.119531 0.911621 0.006250 0.008789
0 0.286719 0.914551 0.009375 0.012695
0 0.698828 0.913086 0.008594 0.009766
0 0.720313 0.918945 0.007812 0.009766
0 0.385156 0.923340 0.009375 0.012695
0 0.121875 0.924805 0.007812 0.009766
0 0.300781 0.924805 0.006250 0.007812
0 0.997266 0.926270 0.005469 0.010742
0 0.123828 0.936035 0.011719 0.014648
0 0.338672 0.935547 0.008594 0.011719
0 0.612109 0.935547 0.008594 0.011719
0 0.132422 0.937012 0.007031 0.010742
0 0.923438 0.938477 0.012500 0.013672
0 0.815625 0.938477 0.009375 0.011719
0 0.361328 0.941406 0.008594 0.011719
0 0.694141 0.942383 0.011719 0.013672
0 0.228906 0.944336 0.007812 0.009766
0 0.728125 0.944336 0.004687 0.005859
0 0.164062 0.956543 0.012500 0.014648
0 0.332813 0.962891 0.010937 0.013672
0 0.173828 0.960449 0.005469 0.006836
0 0.543359 0.973145 0.010156 0.012695
0 0.178125 0.974609 0.007812 0.009766
0 0.111328 0.981445 0.019531 0.021484
0 0.487891 0.977539 0.005469 0.007812
0 0.296875 0.981445 0.006250 0.007812
0 0.706641 0.987793 0.010156 0.012695
0 0.388281 0.987305 0.007812 0.009766
0 0.465625 0.986816 0.006250 0.008789
0 0.554297 0.985352 0.005469 0.005859
0 0.966797 0.991211 0.011719 0.013672
0 0.632812 0.991211 0.007812 0.009766
0 0.346094 0.992188 0.006250 0.009766