0 0.651953 0.009277 0.014844 0.018555
0 0.763672 0.005371 0.008594 0.008789
0 0.101172 0.008301 0.010156 0.012695
0 0.527734 0.010742 0.010156 0.015625
0 0.150000 0.010254 0.009375 0.012695
0 0.169531 0.016113 0.012500 0.016602
0 0.885156 0.016602 0.014063 0.017578
0 0.011719 0.014160 0.007812 0.010742
0 0.492969 0.012695 0.006250 0.007812
0 0.505469 0.017578 0.009375 0.011719
0 0.545312 0.015625 0.007812 0.007812
0 0.723828 0.018066 0.008594 0.010742
0 0.857031 0.032227 0.026562 0.031250
0 0.939063 0.025391 0.009375 0.011719
0 0.413672 0.028320 0.013281 0.015625
0 0.786719 0.038086 0.014063 0.017578
0 0.462891 0.041504 0.008594 0.010742
0 0.591406 0.045898 0.014063 0.017578
0 0.385156 0.043457 0.009375 0.010742
0 0.550000 0.043457 0.009375 0.010742
0 0.337500 0.047363 0.010937 0.016602
0 0.821875 0.057129 0.010937 0.012695
0 0.517969 0.060547 0.009375 0.011719
0 0.492969 0.065918 0.014063 0.016602
0 0.189453 0.069336 0.008594 0.011719
0 0.507422 0.076660 0.008594 0.010742
0 0.591797 0.078125 0.011719 0.013672
0 0.458984 0.080566 0.011719 0.014648
0 0.048047 0.090820 0.016406 0.021484
0 0.184766 0.089844 0.013281 0.015625
0 0.698047 0.087891 0.008594 0.011719
0 0.196094 0.091309 0.010937 0.012695
0 0.303906 0.092285 0.012500 0.014648
0 0.576172 0.098145 0.011719 0.014648
0 0.289844 0.101562 0.010937 0.013672
0 0.112500 0.104004 0.014063 0.016602
0 0.367969 0.100098 0.007812 0.008789
0 0.521875 0.108398 0.021875 0.025391
0 0.652344 0.103516 0.012500 0.015625
0 0.907813 0.111328 0.018750 0.029297
0 0.087891 0.105469 0.011719 0.015625
0 0.840625 0.102539 0.006250 0.007812
0 0.437500 0.106934 0.006250 0.006836
0 0.467187 0.113770 0.014063 0.018555
0 0.972266 0.112793 0.013281 0.014648
0 0.758203 0.120117 0.017969 0.025391
0 0.550781 0.116211 0.010937 0.013672
0 0.858984 0.123535 0.019531 0.020508
0 0.130469 0.121094 0.010937 0.013672
0 0.507812 0.130859 0.025000 0.029297
0 0.003906 0.126953 0.007812 0.015625
0 0.178516 0.132324 0.014844 0.018555
0 0.046484 0.134277 0.007031 0.012695
0 0.058203 0.135742 0.010156 0.015625
0 0.073438 0.138184 0.014063 0.018555
0 0.494531 0.138184 0.014063 0.018555
0 0.977344 0.137207 0.010937 0.012695
0 0.208594 0.138672 0.010937 0.013672
0 0.236719 0.141113 0.010937 0.016602
0 0.317969 0.137207 0.007812 0.008789
0 0.044922 0.149902 0.017969 0.020508
0 0.396484 0.143555 0.007031 0.007812
0 0.554297 0.147461 0.013281 0.015625
0 0.790625 0.150879 0.015625 0.018555
0 0.737891 0.148926 0.008594 0.010742
0 0.992188 0.153320 0.014063 0.019531
0 0.340234 0.153809 0.008594 0.010742
0 0.266797 0.156250 0.011719 0.013672
0 0.241406 0.157715 0.010937 0.014648
0 0.912500 0.156738 0.009375 0.010742
0 0.189844 0.164062 0.012500 0.015625
0 0.710938 0.163086 0.009375 0.011719
0 0.932813 0.165527 0.015625 0.016602
0 0.032813 0.163086 0.009375 0.009766
0 0.086719 0.166992 0.009375 0.011719
0 0.476172 0.167480 0.010156 0.012695
0 0.575781 0.177246 0.021875 0.026367
0 0.177344 0.169922 0.006250 0.007812
0 0.247266 0.178711 0.014844 0.023438
0 0.036328 0.176270 0.010156 0.014648
0 0.119141 0.180664 0.013281 0.017578
0 0.755859 0.181641 0.014844 0.017578
0 0.782422 0.180176 0.008594 0.010742
0 0.921484 0.184082 0.008594 0.008789
0 0.667188 0.191895 0.009375 0.010742
0 0.716016 0.199707 0.016406 0.018555
0 0.135547 0.198730 0.008594 0.010742
0 0.511328 0.204102 0.016406 0.019531
0 0.946875 0.205566 0.017188 0.022461
0 0.767578 0.206543 0.016406 0.018555
0 0.105859 0.203125 0.008594 0.009766
0 0.969922 0.204102 0.008594 0.009766
0 0.704688 0.216797 0.015625 0.019531
0 0.386719 0.213867 0.009375 0.011719
0 0.070703 0.216797 0.011719 0.015625
0 0.268750 0.224609 0.017188 0.021484
0 0.041016 0.219238 0.008594 0.008789
0 0.508594 0.222656 0.009375 0.011719
0 0.552344 0.225098 0.010937 0.012695
0 0.894141 0.229004 0.007031 0.008789
0 0.803906 0.233398 0.009375 0.011719
0 0.482031 0.243164 0.010937 0.013672
0 0.623047 0.251953 0.017969 0.021484
0 0.847266 0.247070 0.010156 0.011719
0 0.694531 0.256836 0.010937 0.013672
0 0.358984 0.258789 0.007031 0.009766
0 0.728906 0.268066 0.015625 0.018555
0 0.524609 0.270996 0.007031 0.008789
0 0.012109 0.278809 0.017969 0.018555
0 0.704688 0.278809 0.009375 0.010742
0 0.887500 0.283691 0.015625 0.018555
0 0.782031 0.286133 0.014063 0.015625
0 0.344531 0.289062 0.009375 0.013672
0 0.273828 0.291504 0.007031 0.008789
0 0.516406 0.293457 0.009375 0.010742
0 0.377344 0.294922 0.007812 0.009766
0 0.909375 0.296387 0.009375 0.012695
0 0.214453 0.303223 0.013281 0.016602
0 0.452734 0.307617 0.019531 0.025391
0 0.053906 0.299316 0.006250 0.006836
0 0.503516 0.301758 0.010156 0.011719
0 0.091797 0.310059 0.022656 0.024414
0 0.903516 0.308105 0.013281 0.016602
0 0.756641 0.310547 0.014844 0.017578
0 0.479297 0.312012 0.013281 0.016602
0 0.686719 0.313965 0.010937 0.012695
0 0.421484 0.315918 0.011719 0.014648
0 0.614062 0.313965 0.007812 0.010742
0 0.028516 0.327148 0.017969 0.021484
0 0.556641 0.326660 0.008594 0.010742
0 0.783984 0.328125 0.005469 0.005859
0 0.218359 0.336914 0.013281 0.019531
0 0.081250 0.344238 0.020313 0.024414
0 0.662500 0.343750 0.015625 0.019531
0 0.875000 0.337891 0.007812 0.007812
0 0.925000 0.345703 0.015625 0.019531
0 0.251172 0.350098 0.013281 0.016602
0 0.994922 0.350586 0.010156 0.015625
0 0.642188 0.353027 0.007812 0.008789
0 0.445703 0.364258 0.011719 0.013672
0 0.030469 0.363770 0.007812 0.008789
0 0.767188 0.364258 0.007812 0.009766
0 0.585938 0.374023 0.015625 0.023438
0 0.937500 0.371582 0.014063 0.014648
0 0.955469 0.370117 0.012500 0.011719
0 0.050000 0.372070 0.009375 0.011719
0 0.789062 0.374512 0.012500 0.014648
0 0.129688 0.377441 0.009375 0.010742
0 0.915234 0.380371 0.013281 0.016602
0 0.103906 0.376953 0.006250 0.005859
0 0.278516 0.386719 0.019531 0.023438
0 0.460547 0.381836 0.010156 0.011719
0 0.933203 0.388672 0.016406 0.021484
0 0.373047 0.386230 0.008594 0.010742
0 0.225000 0.389160 0.012500 0.014648
0 0.085547 0.386719 0.007031 0.007812
0 0.031641 0.397461 0.014844 0.013672
0 0.918359 0.395996 0.008594 0.010742
0 0.314063 0.404785 0.015625 0.018555
0 0.560937 0.405273 0.014063 0.015625
0 0.251953 0.403320 0.007031 0.009766
0 0.411328 0.407715 0.011719 0.014648
0 0.360938 0.409668 0.007812 0.010742
0 0.740625 0.409668 0.009375 0.010742
0 0.117578 0.414062 0.010156 0.013672
0 0.978906 0.419434 0.012500 0.014648
0 0.536328 0.424316 0.011719 0.014648
0 0.206641 0.425293 0.010156 0.012695
0 0.600781 0.431641 0.015625 0.017578
0 0.508594 0.431152 0.012500 0.014648
0 0.714063 0.437500 0.015625 0.017578
0 0.280078 0.437012 0.010156 0.012695
0 0.259375 0.440918 0.009375 0.010742
0 0.705078 0.440918 0.007031 0.008789
0 0.646875 0.448730 0.014063 0.016602
0 0.767969 0.447754 0.012500 0.014648
0 0.036328 0.448730 0.011719 0.014648
0 0.337500 0.455078 0.014063 0.017578
0 0.806641 0.453613 0.013281 0.014648
0 0.125781 0.455566 0.012500 0.016602
0 0.792969 0.459473 0.017188 0.020508
0 0.913672 0.453613 0.007031 0.008789
0 0.926172 0.458008 0.014844 0.017578
0 0.358203 0.465332 0.016406 0.018555
0 0.422656 0.466309 0.010937 0.012695
0 0.064453 0.466309 0.008594 0.010742
0 0.246875 0.464844 0.007812 0.007812
0 0.617969 0.467773 0.009375 0.013672
0 0.113281 0.472168 0.009375 0.010742
0 0.163672 0.479004 0.013281 0.020508
0 0.181641 0.474609 0.008594 0.009766
0 0.101562 0.484375 0.012500 0.015625
0 0.005469 0.485352 0.010937 0.013672
0 0.208984 0.487305 0.011719 0.015625
0 0.600391 0.487305 0.010156 0.013672
0 0.142969 0.487793 0.010937 0.012695
0 0.191797 0.489746 0.010156 0.012695
0 0.751953 0.487793 0.010156 0.008789
0 0.578125 0.490234 0.009375 0.011719
0 0.873437 0.491699 0.009375 0.012695
0 0.662109 0.495117 0.010156 0.011719
0 0.930078 0.498047 0.014844 0.017578
0 0.803906 0.498535 0.010937 0.012695
0 0.836328 0.497559 0.010156 0.010742
0 0.337109 0.500488 0.014844 0.014648
0 0.958203 0.504883 0.011719 0.017578
0 0.544922 0.505859 0.011719 0.013672
0 0.714453 0.506348 0.010156 0.012695
0 0.836328 0.511230 0.013281 0.016602
0 0.117188 0.513184 0.017188 0.018555
0 0.746875 0.516602 0.010937 0.011719
0 0.262891 0.526855 0.019531 0.022461
0 0.535547 0.525879 0.022656 0.020508
0 0.953125 0.525391 0.012500 0.015625
0 0.169141 0.525391 0.010156 0.011719
0 0.605469 0.525879 0.009375 0.012695
0 0.144141 0.530762 0.010156 0.014648
0 0.746875 0.533691 0.010937 0.012695
0 0.917578 0.536621 0.010156 0.010742
0 0.725391 0.539551 0.011719 0.012695
0 0.212109 0.541992 0.008594 0.011719
0 0.316016 0.546387 0.008594 0.010742
0 0.955859 0.555664 0.013281 0.015625
0 0.590234 0.558594 0.013281 0.015625
0 0.414062 0.559082 0.006250 0.010742
0 0.605859 0.558594 0.007031 0.009766
0 0.302344 0.562500 0.007812 0.011719
0 0.029687 0.568359 0.014063 0.017578
0 0.017969 0.567383 0.012500 0.013672
0 0.403516 0.569824 0.010156 0.012695
0 0.903906 0.576172 0.009375 0.011719
0 0.780859 0.577148 0.010156 0.011719
0 0.354687 0.580078 0.007812 0.009766
0 0.492969 0.582520 0.010937 0.012695
0 0.646094 0.584473 0.010937 0.016602
0 0.606250 0.588379 0.017188 0.022461
0 0.188672 0.585938 0.011719 0.015625
0 0.250781 0.584473 0.009375 0.012695
0 0.094922 0.588379 0.016406 0.018555
0 0.225391 0.588379 0.013281 0.016602
0 0.243359 0.584961 0.005469 0.009766
0 0.809375 0.588379 0.012500 0.014648
0 0.262891 0.587891 0.008594 0.011719
0 0.476562 0.603027 0.012500 0.014648
0 0.919531 0.602051 0.009375 0.010742
0 0.638672 0.603516 0.008594 0.011719
0 0.357422 0.605957 0.010156 0.012695
0 0.421484 0.624023 0.017969 0.023438
0 0.363672 0.618652 0.008594 0.010742
0 0.807813 0.622070 0.014063 0.017578
0 0.570703 0.626465 0.014844 0.018555
0 0.303516 0.627930 0.011719 0.015625
0 0.965625 0.625488 0.010937 0.010742
0 0.352344 0.632324 0.014063 0.016602
0 0.637109 0.633789 0.014844 0.017578
0 0.207813 0.636719 0.012500 0.015625
0 0.438672 0.641113 0.014844 0.018555
0 0.248828 0.641113 0.011719 0.014648
0 0.969531 0.646973 0.018750 0.024414
0 0.378516 0.642090 0.010156 0.012695
0 0.317578 0.644531 0.011719 0.013672
0 0.783984 0.646973 0.016406 0.018555
0 0.260937 0.645508 0.012500 0.013672
0 0.170313 0.646973 0.012500 0.014648
0 0.828906 0.645508 0.009375 0.009766
0 0.132812 0.647949 0.010937 0.010742
0 0.903125 0.656738 0.010937 0.012695
0 0.408984 0.658691 0.011719 0.014648
0 0.287109 0.660156 0.008594 0.011719
0 0.375000 0.662598 0.012500 0.014648
0 0.684766 0.664062 0.016406 0.017578
0 0.575781 0.663086 0.010937 0.013672
0 0.385937 0.664551 0.006250 0.006836
0 0.908594 0.678223 0.010937 0.012695
0 0.415234 0.684082 0.007031 0.008789
0 0.465234 0.688965 0.014844 0.016602
0 0.492188 0.692383 0.017188 0.023438
0 0.579688 0.691895 0.015625 0.016602
0 0.205078 0.694336 0.008594 0.009766
0 0.264062 0.693359 0.006250 0.007812
0 0.650391 0.697266 0.013281 0.015625
0 0.257422 0.699707 0.013281 0.016602
0 0.141797 0.698730 0.010156 0.012695
0 0.992188 0.707520 0.015625 0.030273
0 0.111328 0.701660 0.008594 0.008789
0 0.280469 0.706543 0.014063 0.014648
0 0.101953 0.707520 0.011719 0.012695
0 0.440625 0.707520 0.009375 0.012695
0 0.428516 0.708496 0.008594 0.010742
0 0.214453 0.714355 0.010156 0.012695
0 0.783984 0.711914 0.007031 0.007812
0 0.917578 0.724121 0.016406 0.018555
0 0.689453 0.726562 0.013281 0.015625
0 0.654297 0.725586 0.008594 0.009766
0 0.605078 0.731445 0.008594 0.009766
0 0.036328 0.736328 0.010156 0.011719
0 0.025391 0.742188 0.016406 0.017578
0 0.909766 0.742188 0.013281 0.013672
0 0.824609 0.744629 0.010156 0.012695
0 0.470703 0.744629 0.010156 0.010742
0 0.521094 0.755371 0.009375 0.010742
0 0.842578 0.757324 0.011719 0.014648
0 0.894141 0.758789 0.013281 0.013672
0 0.651953 0.759277 0.008594 0.010742
0 0.156250 0.761230 0.009375 0.012695
0 0.963281 0.766113 0.007812 0.008789
0 0.241016 0.779297 0.011719 0.015625
0 0.495312 0.775391 0.006250 0.007812
0 0.646875 0.782715 0.014063 0.016602
0 0.416406 0.783203 0.010937 0.013672
0 0.397266 0.786621 0.011719 0.014648
0 0.667969 0.786133 0.009375 0.011719
0 0.217188 0.791992 0.009375 0.011719
0 0.267969 0.791504 0.009375 0.010742
0 0.294922 0.792969 0.010156 0.013672
0 0.489844 0.800781 0.018750 0.019531
0 0.665625 0.799316 0.009375 0.010742
0 0.396875 0.804688 0.009375 0.011719
0 0.340234 0.812988 0.016406 0.022461
0 0.193750 0.816895 0.010937 0.014648
0 0.614844 0.821777 0.014063 0.018555
0 0.384766 0.818359 0.005469 0.007812
0 0.649219 0.822754 0.007812 0.010742
0 0.365625 0.824707 0.009375 0.012695
0 0.843750 0.830566 0.012500 0.014648
0 0.628516 0.836426 0.013281 0.016602
0 0.710547 0.835449 0.010156 0.010742
0 0.394922 0.837402 0.008594 0.012695
0 0.487109 0.853027 0.014844 0.020508
0 0.700000 0.853027 0.006250 0.006836
0 0.496484 0.862305 0.016406 0.019531
0 0.867188 0.860840 0.012500 0.014648
0 0.403125 0.860352 0.007812 0.009766
0 0.993750 0.867676 0.010937 0.012695
0 0.960938 0.873535 0.012500 0.014648
0 0.912109 0.883301 0.014844 0.016602
0 0.178906 0.888672 0.015625 0.019531
0 0.013672 0.889648 0.011719 0.013672
0 0.274219 0.894043 0.009375 0.012695
0 0.643359 0.897461 0.014844 0.017578
0 0.717578 0.894531 0.008594 0.011719
0 0.410938 0.895508 0.009375 0.011719
0 0.991797 0.900879 0.013281 0.016602
0 0.388281 0.906738 0.012500 0.016602
0 0.500391 0.906250 0.011719 0.015625
0 0.572656 0.910156 0.012500 0.015625
0 0.829688 0.911133 0.012500 0.013672
0 0.483594 0.920898 0.009375 0.011719
0 0.494141 0.918945 0.007031 0.007812
0 0.421875 0.923340 0.009375 0.010742
0 0.436719 0.933594 0.010937 0.013672
0 0.579297 0.932617 0.010156 0.011719
0 0.162891 0.942871 0.013281 0.024414
0 0.014844 0.944824 0.015625 0.024414
0 0.379688 0.939941 0.009375 0.012695
0 0.501172 0.939453 0.007031 0.009766
0 0.675781 0.945312 0.007812 0.009766
0 0.576172 0.952148 0.011719 0.015625
0 0.187109 0.955566 0.016406 0.018555
0 0.647656 0.962891 0.007812 0.011719
0 0.035937 0.969727 0.017188 0.019531
0 0.235937 0.966797 0.009375 0.011719
0 0.592969 0.971680 0.012500 0.015625
0 0.719922 0.978027 0.008594 0.010742
0 0.574219 0.984863 0.007812 0.010742
0 0.482422 0.989258 0.013281 0.015625
0 0.917188 0.988770 0.010937 0.012695
0 0.625781 0.992188 0.018750 0.015625
0 0.337891 0.993164 0.014844 0.013672
0 0.746484 0.993652 0.014844 0.012695
0 0.526172 0.994629 0.010156 0.010742