0 0.262891 0.008789 0.016406 0.017578
0 0.767969 0.012695 0.020313 0.023438
0 0.410156 0.008789 0.009375 0.011719
0 0.577734 0.016113 0.013281 0.016602
0 0.326562 0.015137 0.009375 0.012695
0 0.878906 0.020996 0.012500 0.014648
0 0.927734 0.022461 0.011719 0.015625
0 0.300391 0.019043 0.005469 0.006836
0 0.857031 0.030762 0.021875 0.030273
0 0.513281 0.020508 0.006250 0.007812
0 0.167578 0.024414 0.007031 0.009766
0 0.450781 0.027832 0.012500 0.014648
0 0.150391 0.033691 0.011719 0.014648
0 0.766797 0.040039 0.021094 0.027344
0 0.786719 0.038574 0.020313 0.022461
0 0.991406 0.039551 0.014063 0.020508
0 0.649609 0.037598 0.011719 0.014648
0 0.021484 0.048828 0.010156 0.013672
0 0.635547 0.046387 0.005469 0.006836
0 0.907422 0.054199 0.014844 0.016602
0 0.156641 0.051270 0.007031 0.006836
0 0.432031 0.054688 0.010937 0.013672
0 0.265234 0.057617 0.007031 0.009766
0 0.220703 0.062988 0.011719 0.014648
0 0.691016 0.066406 0.010156 0.013672
0 0.581641 0.071289 0.007031 0.007812
0 0.649609 0.078613 0.013281 0.014648
0 0.631641 0.079102 0.003906 0.007812
0 0.371094 0.082520 0.007812 0.008789
0 0.498437 0.087891 0.010937 0.013672
0 0.791016 0.095215 0.019531 0.028320
0 0.716406 0.091797 0.015625 0.019531
0 0.580469 0.088867 0.006250 0.007812
0 0.105859 0.092773 0.010156 0.013672
0 0.428125 0.093262 0.009375 0.012695
0 0.674219 0.098633 0.014063 0.017578
0 0.302734 0.100098 0.007031 0.008789
0 0.906641 0.104004 0.010156 0.012695
0 0.081641 0.106934 0.013281 0.016602
0 0.857031 0.124023 0.015625 0.019531
0 0.900000 0.125488 0.015625 0.016602
0 0.028906 0.125000 0.010937 0.013672
0 0.676562 0.125977 0.012500 0.013672
0 0.563672 0.126465 0.010156 0.012695
0 0.962891 0.129883 0.016406 0.019531
0 0.815234 0.130371 0.019531 0.016602
0 0.601562 0.133301 0.012500 0.016602
0 0.759766 0.128906 0.007031 0.007812
0 0.366797 0.130859 0.008594 0.009766
0 0.800000 0.141602 0.017188 0.029297
0 0.985547 0.134277 0.008594 0.010742
0 0.197656 0.133301 0.004687 0.006836
0 0.789062 0.136719 0.012500 0.013672
0 0.468359 0.143066 0.011719 0.014648
0 0.960156 0.149414 0.017188 0.021484
0 0.596875 0.146973 0.009375 0.012695
0 0.045312 0.149414 0.014063 0.015625
0 0.550391 0.147461 0.007031 0.009766
0 0.029687 0.148926 0.006250 0.006836
0 0.698047 0.158691 0.016406 0.020508
0 0.825391 0.161133 0.016406 0.017578
0 0.910547 0.155762 0.007031 0.006836
0 0.323828 0.158203 0.008594 0.009766
0 0.537109 0.157227 0.005469 0.007812
0 0.040625 0.160645 0.010937 0.012695
0 0.952734 0.158691 0.008594 0.008789
0 0.331641 0.160645 0.005469 0.006836
0 0.457422 0.169922 0.010156 0.013672
0 0.616406 0.171875 0.007812 0.011719
0 0.033984 0.175293 0.011719 0.014648
0 0.545312 0.176758 0.007812 0.009766
0 0.958594 0.178711 0.012500 0.013672
0 0.926172 0.181641 0.013281 0.015625
0 0.239453 0.179688 0.007031 0.007812
0 0.888281 0.188965 0.010937 0.012695
0 0.248438 0.192871 0.009375 0.012695
0 0.444531 0.201660 0.010937 0.014648
0 0.488281 0.201172 0.007812 0.009766
0 0.398438 0.204102 0.010937 0.013672
0 0.852344 0.203125 0.007812 0.009766
0 0.452734 0.207520 0.011719 0.014648
0 0.100781 0.209961 0.010937 0.013672
0 0.492578 0.209961 0.010156 0.013672
0 0.433203 0.225586 0.011719 0.013672
0 0.320312 0.228027 0.006250 0.008789
0 0.565625 0.232910 0.012500 0.014648
0 0.145313 0.233398 0.009375 0.011719
0 0.953125 0.232422 0.007812 0.009766
0 0.589453 0.233887 0.008594 0.010742
0 0.937500 0.237793 0.007812 0.008789
0 0.669922 0.242188 0.010156 0.013672
0 0.996094 0.243652 0.007812 0.010742
0 0.622656 0.251465 0.017188 0.020508
0 0.757031 0.252441 0.009375 0.010742
0 0.407813 0.255859 0.012500 0.015625
0 0.923047 0.259766 0.014844 0.015625
0 0.564453 0.260254 0.010156 0.012695
0 0.499609 0.260742 0.005469 0.007812
0 0.793359 0.263184 0.010156 0.008789
0 0.511719 0.270508 0.014063 0.017578
0 0.196094 0.271484 0.014063 0.017578
0 0.430078 0.268066 0.008594 0.010742
0 0.135547 0.269531 0.007031 0.009766
0 0.261328 0.272949 0.008594 0.010742
0 0.493750 0.274414 0.010937 0.013672
0 0.482422 0.277832 0.010156 0.012695
0 0.382031 0.277832 0.009375 0.010742
0 0.967187 0.282227 0.014063 0.015625
0 0.224219 0.281250 0.006250 0.007812
0 0.528125 0.283691 0.010937 0.012695
0 0.823438 0.285156 0.006250 0.007812
0 0.799609 0.288574 0.010156 0.010742
0 0.935547 0.289062 0.011719 0.011719
0 0.477344 0.290527 0.009375 0.010742
0 0.359375 0.293945 0.010937 0.013672
0 0.582812 0.295410 0.012500 0.016602
0 0.841016 0.291992 0.008594 0.009766
0 0.905469 0.291992 0.009375 0.009766
0 0.808984 0.295410 0.008594 0.008789
0 0.489063 0.299316 0.009375 0.012695
0 0.978125 0.298828 0.009375 0.009766
0 0.914453 0.300781 0.010156 0.011719
0 0.597656 0.299316 0.006250 0.006836
0 0.938672 0.305176 0.013281 0.014648
0 0.081641 0.301758 0.005469 0.005859
0 0.016406 0.307129 0.012500 0.014648
0 0.512500 0.305176 0.007812 0.008789
0 0.285156 0.307129 0.009375 0.010742
0 0.208203 0.307617 0.007031 0.007812
0 0.478906 0.312988 0.014063 0.018555
0 0.558594 0.309570 0.009375 0.011719
0 0.988281 0.307617 0.006250 0.007812
0 0.723828 0.316895 0.011719 0.014648
0 0.664844 0.316406 0.009375 0.011719
0 0.712109 0.318848 0.013281 0.016602
0 0.450000 0.318359 0.009375 0.011719
0 0.619922 0.321777 0.016406 0.018555
0 0.427344 0.320801 0.010937 0.014648
0 0.806641 0.319336 0.010156 0.011719
0 0.510547 0.323242 0.007031 0.007812
0 0.106641 0.324707 0.007031 0.008789
0 0.403516 0.325684 0.008594 0.010742
0 0.710938 0.333984 0.012500 0.015625
0 0.803125 0.333496 0.012500 0.014648
0 0.507422 0.333496 0.007031 0.006836
0 0.529687 0.334961 0.009375 0.009766
0 0.062891 0.338379 0.011719 0.014648
0 0.980078 0.339844 0.011719 0.013672
0 0.045312 0.343750 0.012500 0.015625
0 0.507422 0.341797 0.008594 0.009766
0 0.523438 0.341797 0.007812 0.009766
0 0.087891 0.343262 0.008594 0.010742
0 0.419141 0.345703 0.007031 0.011719
0 0.457422 0.344238 0.007031 0.008789
0 0.798828 0.349609 0.010156 0.011719
0 0.883203 0.351562 0.011719 0.013672
0 0.941406 0.354492 0.014063 0.015625
0 0.738281 0.355469 0.010937 0.013672
0 0.805078 0.355469 0.007031 0.007812
0 0.003906 0.359375 0.007812 0.013672
0 0.225000 0.356934 0.004687 0.008789
0 0.910547 0.363281 0.013281 0.015625
0 0.336328 0.363281 0.011719 0.013672
0 0.803906 0.368652 0.010937 0.012695
0 0.558203 0.369629 0.010156 0.010742
0 0.257031 0.375488 0.010937 0.012695
0 0.447266 0.383301 0.022656 0.024414
0 0.887109 0.378418 0.011719 0.014648
0 0.550000 0.377930 0.010937 0.011719
0 0.914844 0.382324 0.012500 0.018555
0 0.278906 0.386719 0.020313 0.025391
0 0.347266 0.380371 0.010156 0.012695
0 0.313672 0.383301 0.011719 0.014648
0 0.809375 0.383789 0.009375 0.009766
0 0.005469 0.385742 0.007812 0.009766
0 0.931641 0.389648 0.013281 0.017578
0 0.588281 0.388672 0.007812 0.009766
0 0.900391 0.389648 0.008594 0.009766
0 0.383984 0.393555 0.008594 0.009766
0 0.282422 0.397949 0.008594 0.008789
0 0.945703 0.398438 0.008594 0.009766
0 0.043750 0.401367 0.007812 0.007812
0 0.560937 0.407715 0.007812 0.010742
0 0.257812 0.407227 0.006250 0.007812
0 0.544141 0.409180 0.007031 0.011719
0 0.362891 0.412598 0.010156 0.012695
0 0.628516 0.417480 0.011719 0.014648
0 0.592187 0.415527 0.007812 0.008789
0 0.437891 0.416992 0.008594 0.009766
0 0.248438 0.429688 0.012500 0.015625
0 0.078125 0.432617 0.010937 0.013672
0 0.067187 0.436523 0.010937 0.013672
0 0.275781 0.436035 0.007812 0.010742
0 0.774609 0.436523 0.007031 0.007812
0 0.802344 0.445312 0.014063 0.015625
0 0.953125 0.444336 0.010937 0.011719
0 0.763672 0.444336 0.007031 0.007812
0 0.678906 0.449219 0.012500 0.015625
0 0.147266 0.455566 0.011719 0.014648
0 0.882422 0.458496 0.010156 0.010742
0 0.962891 0.458496 0.010156 0.010742
0 0.060937 0.463379 0.012500 0.014648
0 0.362500 0.467285 0.009375 0.012695
0 0.680859 0.465332 0.007031 0.008789
0 0.002734 0.470703 0.005469 0.013672
0 0.040234 0.468750 0.008594 0.009766
0 0.493359 0.473633 0.008594 0.009766
0 0.352344 0.479004 0.009375 0.010742
0 0.229687 0.481445 0.007812 0.009766
0 0.006641 0.485352 0.011719 0.013672
0 0.091016 0.490234 0.010156 0.011719
0 0.704297 0.490234 0.010156 0.011719
0 0.618359 0.491699 0.008594 0.010742
0 0.350391 0.494141 0.011719 0.013672
0 0.600000 0.494629 0.009375 0.012695
0 0.903906 0.495605 0.012500 0.012695
0 0.073438 0.495117 0.007812 0.009766
0 0.219922 0.498047 0.011719 0.015625
0 0.492969 0.495117 0.007812 0.009766
0 0.809375 0.497559 0.009375 0.010742
0 0.336719 0.501465 0.014063 0.016602
0 0.312109 0.498535 0.007031 0.008789
0 0.916016 0.499023 0.008594 0.009766
0 0.060156 0.502441 0.006250 0.008789
0 0.863672 0.504883 0.008594 0.009766
0 0.425000 0.505859 0.007812 0.009766
0 0.250391 0.506348 0.007031 0.008789
0 0.608984 0.506348 0.007031 0.008789
0 0.010156 0.508301 0.007812 0.010742
0 0.280078 0.509277 0.008594 0.010742
0 0.500391 0.510254 0.010156 0.012695
0 0.802344 0.520508 0.009375 0.011719
0 0.092188 0.520996 0.007812 0.010742
0 0.037500 0.523438 0.010937 0.013672
0 0.103125 0.523926 0.009375 0.010742
0 0.663672 0.525879 0.008594 0.010742
0 0.396094 0.526855 0.009375 0.010742
0 0.832812 0.525391 0.006250 0.007812
0 0.296094 0.528809 0.006250 0.008789
0 0.744922 0.534668 0.011719 0.014648
0 0.535937 0.535156 0.010937 0.013672
0 0.325391 0.534668 0.008594 0.010742
0 0.557031 0.537109 0.010937 0.013672
0 0.432812 0.537109 0.009375 0.011719
0 0.869141 0.538574 0.011719 0.012695
0 0.137109 0.541504 0.010156 0.012695
0 0.972266 0.542480 0.014844 0.014648
0 0.633203 0.547363 0.011719 0.014648
0 0.877344 0.546875 0.010937 0.011719
0 0.161719 0.547363 0.009375 0.010742
0 0.558984 0.545898 0.007031 0.007812
0 0.096484 0.547363 0.008594 0.008789
0 0.686719 0.553711 0.012500 0.015625
0 0.493359 0.555176 0.011719 0.014648
0 0.571484 0.550781 0.005469 0.005859
0 0.854297 0.556152 0.013281 0.014648
0 0.369922 0.557129 0.011719 0.014648
0 0.742188 0.554688 0.009375 0.009766
0 0.326562 0.559570 0.009375 0.011719
0 0.274219 0.563477 0.009375 0.011719
0 0.838281 0.567871 0.007812 0.008789
0 0.592578 0.572266 0.013281 0.015625
0 0.523047 0.574707 0.014844 0.018555
0 0.572266 0.573730 0.010156 0.012695
0 0.885547 0.573730 0.005469 0.006836
0 0.971875 0.576660 0.012500 0.012695
0 0.628906 0.579102 0.012500 0.015625
0 0.278125 0.580078 0.012500 0.015625
0 0.093750 0.585938 0.014063 0.021484
0 0.700781 0.582520 0.009375 0.010742
0 0.897656 0.584961 0.012500 0.013672
0 0.530859 0.584961 0.010156 0.011719
0 0.233594 0.590820 0.010937 0.013672
0 0.311328 0.594727 0.010156 0.013672
0 0.669141 0.597168 0.011719 0.012695
0 0.697266 0.601074 0.007031 0.008789
0 0.430859 0.603027 0.007031 0.010742
0 0.452734 0.603027 0.008594 0.010742
0 0.949609 0.610352 0.011719 0.013672
0 0.870313 0.616211 0.014063 0.019531
0 0.398438 0.612305 0.007812 0.009766
0 0.223438 0.614746 0.007812 0.010742
0 0.718750 0.615723 0.010937 0.012695
0 0.417187 0.617188 0.009375 0.011719
0 0.811328 0.615234 0.005469 0.005859
0 0.065234 0.632324 0.011719 0.014648
0 0.868359 0.629883 0.008594 0.009766
0 0.212500 0.636230 0.012500 0.014648
0 0.499609 0.636719 0.010156 0.013672
0 0.323047 0.636230 0.008594 0.010742
0 0.346094 0.638672 0.009375 0.011719
0 0.643359 0.637695 0.008594 0.009766
0 0.669922 0.638672 0.010156 0.011719
0 0.112109 0.638672 0.007031 0.009766
0 0.354297 0.638184 0.007031 0.008789
0 0.317578 0.641602 0.008594 0.011719
0 0.219141 0.641113 0.007031 0.008789
0 0.876953 0.642090 0.008594 0.008789
0 0.176172 0.644043 0.008594 0.010742
0 0.838281 0.647461 0.014063 0.015625
0 0.394922 0.646484 0.008594 0.011719
0 0.194922 0.646484 0.007031 0.009766
0 0.128516 0.647949 0.005469 0.006836
0 0.798047 0.649414 0.010156 0.009766
0 0.036328 0.653809 0.011719 0.014648
0 0.669531 0.658203 0.009375 0.011719
0 0.325391 0.659668 0.010156 0.012695
0 0.601562 0.660156 0.007812 0.009766
0 0.444141 0.664062 0.010156 0.011719
0 0.856250 0.667480 0.014063 0.016602
0 0.096484 0.664551 0.007031 0.008789
0 0.745313 0.665039 0.007812 0.009766
0 0.004297 0.671387 0.008594 0.014648
0 0.090625 0.674805 0.007812 0.009766
0 0.020313 0.676270 0.007812 0.008789
0 0.799609 0.680664 0.013281 0.015625
0 0.711328 0.681641 0.010156 0.011719
0 0.037500 0.683594 0.007812 0.009766
0 0.488281 0.684082 0.007812 0.010742
0 0.433203 0.692871 0.011719 0.014648
0 0.829688 0.694824 0.014063 0.016602
0 0.927344 0.695801 0.012500 0.014648
0 0.239063 0.700684 0.012500 0.016602
0 0.329688 0.698730 0.010937 0.012695
0 0.417969 0.699707 0.007812 0.008789
0 0.981641 0.703613 0.013281 0.014648
0 0.054688 0.702637 0.009375 0.010742
0 0.201172 0.703125 0.010156 0.011719
0 0.564844 0.704102 0.009375 0.011719
0 0.366406 0.703613 0.006250 0.008789
0 0.197656 0.707520 0.006250 0.006836
0 0.079687 0.710938 0.009375 0.011719
0 0.364453 0.712891 0.008594 0.011719
0 0.566016 0.711426 0.007031 0.006836
0 0.538281 0.719238 0.012500 0.014648
0 0.132812 0.718750 0.009375 0.011719
0 0.232813 0.723633 0.010937 0.013672
0 0.048828 0.722656 0.008594 0.009766
0 0.691016 0.725098 0.008594 0.010742
0 0.227734 0.728027 0.008594 0.012695
0 0.995703 0.733887 0.008594 0.010742
0 0.667578 0.740234 0.014844 0.017578
0 0.295703 0.742188 0.011719 0.015625
0 0.602734 0.737793 0.005469 0.006836
0 0.734375 0.740234 0.009375 0.011719
0 0.695312 0.742188 0.012500 0.013672
0 0.421484 0.742188 0.008594 0.011719
0 0.564063 0.745117 0.007812 0.009766
0 0.588281 0.745605 0.006250 0.008789
0 0.315234 0.750000 0.007031 0.009766
0 0.384375 0.751465 0.007812 0.008789
0 0.319141 0.753906 0.007031 0.009766
0 0.041016 0.759277 0.011719 0.014648
0 0.160156 0.763184 0.015625 0.018555
0 0.407422 0.760742 0.011719 0.013672
0 0.379297 0.764648 0.011719 0.015625
0 0.809375 0.761230 0.007812 0.008789
0 0.639453 0.766602 0.011719 0.013672
0 0.113672 0.771973 0.011719 0.014648
0 0.287891 0.770996 0.008594 0.010742
0 0.780469 0.775391 0.010937 0.013672
0 0.241406 0.780273 0.014063 0.019531
0 0.930078 0.776855 0.010156 0.010742
0 0.730078 0.777832 0.008594 0.010742
0 0.357812 0.778809 0.009375 0.010742
0 0.216406 0.781250 0.010937 0.013672
0 0.495312 0.783203 0.007812 0.009766
0 0.551172 0.784668 0.010156 0.012695
0 0.609766 0.787109 0.010156 0.013672
0 0.207422 0.789551 0.007031 0.008789
0 0.818359 0.793457 0.011719 0.014648
0 0.103125 0.795410 0.007812 0.008789
0 0.258594 0.799316 0.010937 0.014648
0 0.289844 0.800293 0.010937 0.014648
0 0.309375 0.802246 0.009375 0.012695
0 0.489063 0.803223 0.009375 0.012695
0 0.418359 0.804199 0.010156 0.012695
0 0.513672 0.802734 0.008594 0.009766
0 0.296875 0.806641 0.007812 0.009766
0 0.731250 0.811035 0.012500 0.014648
0 0.829688 0.810547 0.010937 0.011719
0 0.620313 0.811035 0.009375 0.010742
0 0.360547 0.813965 0.010156 0.012695
0 0.249219 0.817383 0.009375 0.011719
0 0.651172 0.820312 0.013281 0.015625
0 0.683984 0.817871 0.010156 0.010742
0 0.798828 0.817871 0.007031 0.008789
0 0.851172 0.819336 0.008594 0.009766
0 0.559766 0.822266 0.008594 0.011719
0 0.690625 0.824707 0.014063 0.016602
0 0.582812 0.830078 0.009375 0.011719
0 0.829688 0.829590 0.009375 0.010742
0 0.961719 0.834473 0.014063 0.016602
0 0.315234 0.834961 0.008594 0.011719
0 0.273438 0.843750 0.007812 0.009766
0 0.426563 0.849121 0.012500 0.016602
0 0.352734 0.852539 0.010156 0.013672
0 0.299609 0.852051 0.008594 0.010742
0 0.160156 0.852539 0.006250 0.007812
0 0.223438 0.856934 0.014063 0.016602
0 0.961328 0.855469 0.010156 0.011719
0 0.308984 0.860352 0.007031 0.009766
0 0.627344 0.865723 0.009375 0.010742
0 0.675781 0.866699 0.006250 0.006836
0 0.978906 0.870117 0.012500 0.013672
0 0.527734 0.873535 0.014844 0.018555
0 0.291797 0.872559 0.011719 0.014648
0 0.905078 0.872070 0.010156 0.011719
0 0.485156 0.873535 0.007812 0.010742
0 0.215625 0.879395 0.014063 0.018555
0 0.957422 0.876465 0.010156 0.010742
0 0.687891 0.883789 0.008594 0.009766
0 0.735938 0.887695 0.010937 0.013672
0 0.232031 0.888184 0.007812 0.010742
0 0.913281 0.900391 0.012500 0.013672
0 0.780078 0.904785 0.011719 0.014648
0 0.478516 0.904297 0.008594 0.011719
0 0.798438 0.907227 0.014063 0.017578
0 0.139844 0.916016 0.010937 0.013672
0 0.971875 0.918457 0.014063 0.014648
0 0.454688 0.916504 0.004687 0.006836
0 0.309766 0.918945 0.005469 0.007812
0 0.845313 0.923828 0.012500 0.013672
0 0.149219 0.921387 0.004687 0.006836
0 0.060156 0.925293 0.007812 0.010742
0 0.005078 0.927734 0.010156 0.013672
0 0.858594 0.929688 0.015625 0.017578
0 0.330859 0.929199 0.011719 0.014648
0 0.347266 0.927734 0.007031 0.009766
0 0.613281 0.932129 0.007812 0.008789
0 0.780469 0.935547 0.012500 0.015625
0 0.483984 0.940430 0.008594 0.009766
0 0.108984 0.946777 0.014844 0.018555
0 0.685156 0.946289 0.014063 0.017578
0 0.495703 0.944336 0.008594 0.011719
0 0.517188 0.943848 0.007812 0.010742
0 0.325781 0.948242 0.007812 0.009766
0 0.441406 0.949219 0.009375 0.011719
0 0.355469 0.951172 0.009375 0.013672
0 0.605469 0.954590 0.010937 0.014648
0 0.485156 0.959473 0.014063 0.018555
0 0.278516 0.956055 0.007031 0.009766
0 0.654687 0.954590 0.006250 0.006836
0 0.251172 0.964355 0.014844 0.018555
0 0.533203 0.961426 0.008594 0.010742
0 0.266797 0.969238 0.011719 0.014648
0 0.658203 0.970215 0.010156 0.012695
0 0.185938 0.975098 0.007812 0.010742
0 0.069141 0.977051 0.008594 0.012695
0 0.088281 0.976562 0.006250 0.007812
0 0.204297 0.977051 0.005469 0.006836
0 0.250391 0.980469 0.010156 0.013672
0 0.251172 0.991699 0.007031 0.010742
0 0.137109 0.991699 0.005469 0.006836
0 0.114062 0.993652 0.004687 0.006836
0 0.877734 0.995605 0.010156 0.008789
0 0.099609 0.996094 0.011719 0.007812