0 0.482031 0.008789 0.014063 0.017578
0 0.567578 0.004883 0.011719 0.009766
0 0.306641 0.003906 0.008594 0.005859
0 0.418359 0.007324 0.011719 0.012695
0 0.025000 0.020996 0.014063 0.016602
0 0.858203 0.031250 0.022656 0.029297
0 0.279297 0.029297 0.016406 0.023438
0 0.524219 0.025879 0.009375 0.010742
0 0.787109 0.035645 0.017969 0.024414
0 0.543359 0.040527 0.007031 0.010742
0 0.262109 0.044922 0.010156 0.013672
0 0.356641 0.044922 0.007031 0.007812
0 0.751563 0.049316 0.009375 0.012695
0 0.359766 0.054688 0.010156 0.013672
0 0.629297 0.060059 0.017969 0.022461
0 0.051172 0.060547 0.011719 0.015625
0 0.106250 0.061035 0.006250 0.010742
0 0.387109 0.066406 0.014844 0.021484
0 0.823047 0.067871 0.014844 0.016602
0 0.877344 0.072266 0.012500 0.013672
0 0.532813 0.076172 0.006250 0.007812
0 0.436719 0.079590 0.010937 0.012695
0 0.450391 0.083984 0.008594 0.009766
0 0.490234 0.085938 0.011719 0.013672
0 0.466406 0.085449 0.007812 0.010742
0 0.637109 0.086426 0.010156 0.012695
0 0.671094 0.086914 0.009375 0.011719
0 0.554688 0.088867 0.006250 0.007812
0 0.101953 0.093262 0.005469 0.006836
0 0.530469 0.105469 0.020313 0.023438
0 0.905469 0.103027 0.014063 0.016602
0 0.462500 0.108398 0.018750 0.023438
0 0.584375 0.103516 0.009375 0.013672
0 0.318750 0.105469 0.007812 0.007812
0 0.616406 0.108887 0.009375 0.010742
0 0.134375 0.113770 0.010937 0.012695
0 0.629297 0.111328 0.005469 0.005859
0 0.379688 0.115723 0.009375 0.010742
0 0.248828 0.121582 0.013281 0.016602
0 0.857422 0.122559 0.016406 0.018555
0 0.129688 0.122070 0.012500 0.015625
0 0.302734 0.121582 0.010156 0.012695
0 0.616797 0.122559 0.010156 0.012695
0 0.223828 0.126465 0.008594 0.010742
0 0.680078 0.130859 0.014844 0.017578
0 0.109766 0.129883 0.010156 0.013672
0 0.542969 0.131836 0.014063 0.015625
0 0.341406 0.136719 0.009375 0.011719
0 0.052734 0.138672 0.008594 0.011719
0 0.818359 0.141602 0.014844 0.017578
0 0.433594 0.139160 0.009375 0.010742
0 0.987500 0.144043 0.010937 0.014648
0 0.857812 0.144043 0.012500 0.012695
0 0.973437 0.142090 0.007812 0.008789
0 0.307031 0.145020 0.010937 0.012695
0 0.044922 0.149414 0.014844 0.019531
0 0.071875 0.147461 0.007812 0.009766
0 0.175391 0.146973 0.005469 0.006836
0 0.572656 0.151367 0.010937 0.013672
0 0.192969 0.152832 0.010937 0.014648
0 0.129688 0.152344 0.006250 0.007812
0 0.229297 0.152832 0.005469 0.008789
0 0.533984 0.156250 0.008594 0.011719
0 0.477734 0.166504 0.024219 0.024414
0 0.661719 0.166016 0.014063 0.017578
0 0.397266 0.166504 0.013281 0.016602
0 0.860547 0.165527 0.013281 0.014648
0 0.255078 0.163086 0.005469 0.007812
0 0.569922 0.166504 0.008594 0.010742
0 0.326562 0.169434 0.010937 0.014648
0 0.536719 0.170410 0.007812 0.010742
0 0.612109 0.171875 0.008594 0.011719
0 0.619531 0.177246 0.014063 0.016602
0 0.235937 0.176758 0.010937 0.013672
0 0.717187 0.176758 0.010937 0.013672
0 0.591797 0.181641 0.011719 0.013672
0 0.524609 0.182617 0.010156 0.011719
0 0.276953 0.183594 0.008594 0.009766
0 0.480469 0.189941 0.012500 0.012695
0 0.884375 0.193848 0.017188 0.020508
0 0.070312 0.192871 0.009375 0.010742
0 0.401172 0.198242 0.008594 0.011719
0 0.254688 0.199707 0.007812 0.010742
0 0.298047 0.204102 0.007031 0.009766
0 0.521094 0.206055 0.009375 0.011719
0 0.111328 0.210938 0.010156 0.013672
0 0.266406 0.211426 0.009375 0.012695
0 0.641406 0.209473 0.007812 0.008789
0 0.125000 0.213867 0.012500 0.015625
0 0.581250 0.213379 0.007812 0.008789
0 0.881641 0.219727 0.016406 0.021484
0 0.353906 0.220215 0.009375 0.012695
0 0.545703 0.219238 0.007031 0.008789
0 0.845313 0.220703 0.010937 0.011719
0 0.113281 0.222656 0.009375 0.011719
0 0.303906 0.227539 0.017188 0.021484
0 0.113281 0.232910 0.007812 0.008789
0 0.561719 0.242676 0.018750 0.024414
0 0.622656 0.252441 0.018750 0.022461
0 0.801953 0.250000 0.011719 0.015625
0 0.542188 0.255859 0.009375 0.011719
0 0.091797 0.260254 0.016406 0.016602
0 0.852344 0.258789 0.012500 0.013672
0 0.756641 0.259277 0.010156 0.012695
0 0.916016 0.260254 0.008594 0.010742
0 0.583594 0.266602 0.014063 0.017578
0 0.455469 0.264648 0.009375 0.011719
0 0.005078 0.264648 0.007031 0.009766
0 0.280859 0.264648 0.007031 0.009766
0 0.487109 0.267578 0.011719 0.015625
0 0.661328 0.264648 0.008594 0.009766
0 0.405469 0.271484 0.014063 0.017578
0 0.764453 0.269043 0.008594 0.010742
0 0.035156 0.273438 0.015625 0.013672
0 0.373047 0.273926 0.010156 0.012695
0 0.722266 0.285645 0.014844 0.016602
0 0.229687 0.291016 0.010937 0.013672
0 0.476172 0.290039 0.008594 0.009766
0 0.730859 0.291504 0.011719 0.012695
0 0.377734 0.295898 0.008594 0.011719
0 0.429297 0.302246 0.014844 0.018555
0 0.169922 0.306641 0.007031 0.007812
0 0.479297 0.314941 0.014844 0.018555
0 0.452344 0.312988 0.010937 0.012695
0 0.415234 0.314941 0.008594 0.010742
0 0.796094 0.314453 0.007812 0.007812
0 0.853516 0.329102 0.011719 0.017578
0 0.717969 0.333496 0.010937 0.012695
0 0.311719 0.333008 0.007812 0.009766
0 0.569922 0.336914 0.007031 0.007812
0 0.739453 0.342285 0.011719 0.012695
0 0.049219 0.352051 0.010937 0.012695
0 0.275781 0.354980 0.012500 0.018555
0 0.405078 0.350586 0.007031 0.009766
0 0.616797 0.352539 0.011719 0.013672
0 0.537500 0.359375 0.018750 0.025391
0 0.755469 0.353516 0.007812 0.009766
0 0.800781 0.356934 0.009375 0.010742
0 0.087891 0.358887 0.010156 0.012695
0 0.454688 0.357422 0.007812 0.009766
0 0.367969 0.361328 0.009375 0.011719
0 0.016797 0.361816 0.008594 0.010742
0 0.230859 0.364746 0.008594 0.010742
0 0.676953 0.366699 0.010156 0.012695
0 0.585547 0.375977 0.013281 0.017578
0 0.915234 0.381836 0.014844 0.021484
0 0.277734 0.386230 0.017969 0.024414
0 0.648828 0.385254 0.016406 0.020508
0 0.037500 0.385742 0.015625 0.019531
0 0.450781 0.387207 0.025000 0.022461
0 0.933984 0.389648 0.017969 0.021484
0 0.287500 0.392090 0.010937 0.014648
0 0.560156 0.394043 0.009375 0.012695
0 0.235937 0.406250 0.014063 0.019531
0 0.457813 0.405273 0.010937 0.013672
0 0.117188 0.414062 0.017188 0.019531
0 0.468359 0.410156 0.010156 0.011719
0 0.926953 0.413574 0.013281 0.014648
0 0.059375 0.419922 0.021875 0.025391
0 0.553516 0.419434 0.016406 0.022461
0 0.633984 0.422852 0.014844 0.021484
0 0.815625 0.420410 0.012500 0.014648
0 0.489453 0.420898 0.011719 0.013672
0 0.717969 0.421387 0.007812 0.010742
0 0.879687 0.427246 0.010937 0.012695
0 0.957031 0.432617 0.017188 0.019531
0 0.639844 0.441895 0.017188 0.020508
0 0.292578 0.437988 0.008594 0.010742
0 0.137891 0.444336 0.008594 0.009766
0 0.011328 0.448242 0.011719 0.013672
0 0.186719 0.447266 0.009375 0.011719
0 0.834766 0.449707 0.016406 0.016602
0 0.621875 0.454590 0.009375 0.010742
0 0.681641 0.455566 0.008594 0.008789
0 0.157031 0.456543 0.007812 0.008789
0 0.730859 0.458496 0.010156 0.012695
0 0.200000 0.461426 0.020313 0.016602
0 0.162500 0.459473 0.006250 0.008789
0 0.526953 0.468262 0.019531 0.024414
0 0.331250 0.466797 0.010937 0.013672
0 0.950000 0.472656 0.010937 0.011719
0 0.715234 0.478027 0.010156 0.010742
0 0.448828 0.486328 0.011719 0.013672
0 0.005078 0.490723 0.010156 0.012695
0 0.923438 0.493164 0.014063 0.015625
0 0.085156 0.495605 0.009375 0.012695
0 0.112891 0.497559 0.013281 0.014648
0 0.176172 0.496094 0.010156 0.011719
0 0.337109 0.501953 0.011719 0.015625
0 0.381250 0.499023 0.007812 0.009766
0 0.615625 0.499023 0.007812 0.009766
0 0.252734 0.500488 0.008594 0.010742
0 0.832422 0.504395 0.014844 0.016602
0 0.077344 0.502930 0.009375 0.011719
0 0.650781 0.505859 0.014063 0.017578
0 0.174609 0.510254 0.010156 0.012695
0 0.239453 0.512695 0.008594 0.011719
0 0.396875 0.511719 0.007812 0.009766
0 0.005078 0.516602 0.010156 0.017578
0 0.599609 0.514160 0.010156 0.012695
0 0.735547 0.514648 0.010156 0.013672
0 0.128906 0.515625 0.010937 0.013672
0 0.374609 0.518066 0.011719 0.016602
0 0.414453 0.515625 0.007031 0.009766
0 0.064844 0.517578 0.007812 0.009766
0 0.083203 0.520996 0.007031 0.008789
0 0.626563 0.531250 0.023438 0.027344
0 0.030078 0.522949 0.008594 0.008789
0 0.533984 0.527832 0.016406 0.018555
0 0.460156 0.530273 0.017188 0.021484
0 0.514062 0.527832 0.007812 0.010742
0 0.913281 0.530273 0.012500 0.013672
0 0.875000 0.535156 0.014063 0.017578
0 0.541406 0.541992 0.017188 0.023438
0 0.123438 0.536133 0.007812 0.009766
0 0.315234 0.551758 0.016406 0.019531
0 0.583984 0.552246 0.016406 0.020508
0 0.632812 0.550293 0.010937 0.014648
0 0.387891 0.558594 0.017969 0.023438
0 0.995703 0.556641 0.008594 0.019531
0 0.744531 0.555664 0.010937 0.011719
0 0.873828 0.557617 0.010156 0.011719
0 0.673047 0.559570 0.010156 0.011719
0 0.324219 0.559570 0.007812 0.007812
0 0.611719 0.561035 0.009375 0.010742
0 0.681250 0.565430 0.009375 0.009766
0 0.935937 0.570312 0.015625 0.017578
0 0.169141 0.572754 0.013281 0.018555
0 0.029687 0.578613 0.018750 0.022461
0 0.481250 0.574707 0.012500 0.014648
0 0.828125 0.574219 0.012500 0.013672
0 0.276953 0.580566 0.011719 0.014648
0 0.314453 0.579102 0.008594 0.009766
0 0.701562 0.579590 0.009375 0.010742
0 0.962891 0.583008 0.010156 0.011719
0 0.189844 0.587402 0.012500 0.018555
0 0.833984 0.589355 0.017969 0.022461
0 0.094531 0.588867 0.010937 0.013672
0 0.665625 0.585938 0.006250 0.007812
0 0.128906 0.590332 0.010937 0.012695
0 0.041406 0.591797 0.010937 0.013672
0 0.865625 0.591797 0.010937 0.013672
0 0.482031 0.594727 0.015625 0.017578
0 0.360938 0.593262 0.007812 0.010742
0 0.091016 0.595703 0.010156 0.013672
0 0.760547 0.595215 0.010156 0.012695
0 0.821484 0.594727 0.008594 0.009766
0 0.873437 0.596191 0.010937 0.012695
0 0.310156 0.596191 0.007812 0.010742
0 0.545312 0.595215 0.006250 0.006836
0 0.121484 0.597656 0.007031 0.007812
0 0.808594 0.599609 0.009375 0.011719
0 0.373828 0.600586 0.007031 0.007812
0 0.542188 0.605469 0.006250 0.007812
0 0.661328 0.609863 0.010156 0.012695
0 0.566016 0.612793 0.011719 0.014648
0 0.934375 0.615234 0.014063 0.017578
0 0.804297 0.616211 0.011719 0.013672
0 0.271094 0.617188 0.010937 0.013672
0 0.456641 0.621582 0.013281 0.018555
0 0.704688 0.619629 0.012500 0.014648
0 0.074219 0.621094 0.012500 0.015625
0 0.428125 0.639160 0.012500 0.014648
0 0.587500 0.645996 0.009375 0.010742
0 0.073438 0.651855 0.017188 0.020508
0 0.539844 0.647461 0.010937 0.011719
0 0.563281 0.647949 0.009375 0.010742
0 0.729688 0.649902 0.010937 0.012695
0 0.715234 0.648926 0.007031 0.008789
0 0.452734 0.651367 0.010156 0.011719
0 0.798047 0.658691 0.013281 0.020508
0 0.459766 0.653320 0.005469 0.007812
0 0.537109 0.662109 0.022656 0.023438
0 0.640625 0.661133 0.017188 0.021484
0 0.400781 0.656738 0.006250 0.008789
0 0.265625 0.663086 0.012500 0.015625
0 0.330469 0.663086 0.015625 0.015625
0 0.685547 0.664062 0.011719 0.013672
0 0.775781 0.664551 0.012500 0.014648
0 0.754297 0.666504 0.008594 0.010742
0 0.932813 0.671387 0.017188 0.018555
0 0.518359 0.673828 0.010156 0.011719
0 0.730859 0.675293 0.010156 0.012695
0 0.103906 0.678711 0.012500 0.015625
0 0.218359 0.680176 0.014844 0.016602
0 0.243359 0.688477 0.014844 0.019531
0 0.921094 0.685059 0.010937 0.012695
0 0.453906 0.692383 0.018750 0.021484
0 0.492188 0.692383 0.015625 0.019531
0 0.578906 0.690430 0.010937 0.013672
0 0.380078 0.692383 0.013281 0.015625
0 0.895703 0.688477 0.005469 0.007812
0 0.666406 0.690918 0.007812 0.010742
0 0.602734 0.691406 0.008594 0.009766
0 0.703906 0.696289 0.009375 0.011719
0 0.748047 0.699707 0.013281 0.016602
0 0.349609 0.706055 0.016406 0.023438
0 0.765234 0.703613 0.011719 0.014648
0 0.280469 0.706543 0.015625 0.016602
0 0.255469 0.708496 0.009375 0.010742
0 0.838281 0.709961 0.007812 0.009766
0 0.400391 0.711426 0.008594 0.010742
0 0.536719 0.710938 0.009375 0.009766
0 0.341016 0.713867 0.011719 0.013672
0 0.364453 0.721680 0.010156 0.013672
0 0.205469 0.725586 0.014063 0.017578
0 0.604688 0.725586 0.010937 0.013672
0 0.880469 0.726074 0.012500 0.014648
0 0.653125 0.727539 0.014063 0.015625
0 0.559375 0.726074 0.009375 0.010742
0 0.266016 0.729492 0.013281 0.015625
0 0.354687 0.735840 0.018750 0.020508
0 0.219141 0.739746 0.013281 0.016602
0 0.920703 0.740723 0.014844 0.016602
0 0.292187 0.742676 0.007812 0.008789
0 0.634375 0.746094 0.007812 0.009766
0 0.643359 0.762207 0.014844 0.020508
0 0.551953 0.759766 0.010156 0.011719
0 0.085938 0.763184 0.010937 0.012695
0 0.716406 0.763672 0.009375 0.011719
0 0.505078 0.770508 0.013281 0.017578
0 0.662891 0.773926 0.017969 0.024414
0 0.185938 0.771484 0.009375 0.011719
0 0.241406 0.779297 0.014063 0.019531
0 0.318750 0.778320 0.009375 0.009766
0 0.843359 0.783203 0.013281 0.017578
0 0.223438 0.784668 0.014063 0.016602
0 0.498437 0.781738 0.007812 0.010742
0 0.105859 0.784668 0.010156 0.012695
0 0.441406 0.784668 0.006250 0.006836
0 0.915234 0.789062 0.008594 0.009766
0 0.778125 0.791504 0.010937 0.012695
0 0.247656 0.799805 0.017188 0.021484
0 0.558984 0.792969 0.007031 0.007812
0 0.790234 0.797363 0.014844 0.016602
0 0.122266 0.801758 0.013281 0.017578
0 0.074609 0.807129 0.016406 0.020508
0 0.179297 0.814453 0.014844 0.015625
0 0.357031 0.814453 0.010937 0.013672
0 0.625781 0.812988 0.007812 0.010742
0 0.537109 0.819824 0.010156 0.012695
0 0.383203 0.821777 0.010156 0.012695
0 0.695703 0.820312 0.008594 0.009766
0 0.558203 0.823730 0.011719 0.010742
0 0.676953 0.826660 0.010156 0.010742
0 0.117188 0.827637 0.006250 0.006836
0 0.137891 0.833496 0.019531 0.018555
0 0.163672 0.833008 0.008594 0.009766
0 0.790234 0.839844 0.011719 0.013672
0 0.193750 0.841797 0.010937 0.013672
0 0.203516 0.841309 0.008594 0.010742
0 0.553906 0.844727 0.014063 0.015625
0 0.100781 0.845703 0.010937 0.013672
0 0.289453 0.851074 0.016406 0.020508
0 0.676562 0.860352 0.014063 0.019531
0 0.412500 0.865723 0.015625 0.020508
0 0.568359 0.864746 0.014844 0.018555
0 0.430078 0.864746 0.010156 0.014648
0 0.604297 0.871582 0.017969 0.022461
0 0.484766 0.871094 0.010156 0.011719
0 0.321875 0.872559 0.009375 0.012695
0 0.490234 0.876465 0.013281 0.014648
0 0.190234 0.883301 0.016406 0.022461
0 0.234766 0.885254 0.017969 0.022461
0 0.208984 0.884277 0.010156 0.012695
0 0.062891 0.887695 0.013281 0.015625
0 0.541406 0.892578 0.010937 0.013672
0 0.342187 0.898926 0.009375 0.010742
0 0.646094 0.910645 0.015625 0.020508
0 0.359375 0.917969 0.014063 0.017578
0 0.258594 0.924805 0.010937 0.015625
0 0.386328 0.925781 0.010156 0.013672
0 0.339062 0.931152 0.009375 0.012695
0 0.704688 0.939941 0.010937 0.012695
0 0.478125 0.955566 0.012500 0.016602
0 0.633984 0.962402 0.011719 0.014648
0 0.225391 0.971680 0.021094 0.021484
0 0.396094 0.969238 0.014063 0.016602
0 0.643750 0.969727 0.010937 0.013672
0 0.485547 0.975586 0.014844 0.021484
0 0.506250 0.984863 0.017188 0.022461
0 0.340234 0.990723 0.007031 0.008789
0 0.789844 0.992676 0.006250 0.006836