0 0.371484 0.006836 0.013281 0.013672
0 0.456641 0.005371 0.013281 0.010742
0 0.646094 0.005371 0.009375 0.010742
0 0.106641 0.005859 0.008594 0.009766
0 0.430859 0.007812 0.011719 0.013672
0 0.632422 0.008789 0.013281 0.015625
0 0.702344 0.012695 0.012500 0.015625
0 0.970703 0.019043 0.019531 0.022461
0 0.917188 0.020508 0.014063 0.023438
0 0.287109 0.022461 0.016406 0.021484
0 0.330859 0.019531 0.010156 0.013672
0 0.878906 0.021973 0.015625 0.018555
0 0.858594 0.031250 0.021875 0.029297
0 0.620313 0.022949 0.009375 0.010742
0 0.383594 0.027832 0.010937 0.012695
0 0.144531 0.031250 0.014063 0.015625
0 0.787109 0.037109 0.016406 0.019531
0 0.056641 0.044922 0.016406 0.023438
0 0.363672 0.043457 0.011719 0.014648
0 0.429297 0.047852 0.011719 0.015625
0 0.512891 0.051758 0.016406 0.021484
0 0.109375 0.053711 0.014063 0.019531
0 0.530469 0.047852 0.006250 0.007812
0 0.482422 0.054688 0.014844 0.017578
0 0.287500 0.057129 0.014063 0.018555
0 0.741406 0.052246 0.006250 0.008789
0 0.963281 0.059570 0.017188 0.017578
0 0.615234 0.059082 0.010156 0.012695
0 0.864062 0.065918 0.015625 0.016602
0 0.004687 0.067871 0.009375 0.014648
0 0.104297 0.067383 0.010156 0.013672
0 0.788672 0.073242 0.014844 0.017578
0 0.371094 0.075195 0.014063 0.019531
0 0.094531 0.083008 0.014063 0.017578
0 0.257031 0.083008 0.012500 0.017578
0 0.548438 0.088379 0.023438 0.024414
0 0.697266 0.088867 0.016406 0.019531
0 0.196484 0.088867 0.011719 0.015625
0 0.470313 0.090820 0.006250 0.007812
0 0.271484 0.094238 0.010156 0.012695
0 0.038672 0.100098 0.011719 0.014648
0 0.906250 0.103516 0.015625 0.019531
0 0.886719 0.103027 0.014063 0.016602
0 0.360156 0.104492 0.010937 0.013672
0 0.387109 0.110352 0.016406 0.019531
0 0.025781 0.115723 0.017188 0.020508
0 0.598437 0.115723 0.017188 0.020508
0 0.668359 0.114258 0.016406 0.017578
0 0.712500 0.111328 0.006250 0.009766
0 0.683203 0.113281 0.007031 0.009766
0 0.082812 0.118652 0.014063 0.014648
0 0.822656 0.122070 0.018750 0.019531
0 0.857031 0.122559 0.017188 0.020508
0 0.567578 0.127930 0.010156 0.013672
0 0.632422 0.128906 0.010156 0.013672
0 0.100391 0.130859 0.011719 0.013672
0 0.059766 0.134277 0.014844 0.018555
0 0.198828 0.132324 0.013281 0.014648
0 0.421094 0.134277 0.015625 0.018555
0 0.610938 0.131836 0.006250 0.007812
0 0.770703 0.137207 0.013281 0.014648
0 0.274609 0.141113 0.008594 0.012695
0 0.044922 0.149414 0.016406 0.021484
0 0.325391 0.146484 0.011719 0.015625
0 0.977344 0.149902 0.018750 0.018555
0 0.114062 0.149902 0.010937 0.014648
0 0.491406 0.151855 0.012500 0.014648
0 0.200391 0.150879 0.008594 0.010742
0 0.597656 0.155273 0.010937 0.013672
0 0.728906 0.158203 0.012500 0.015625
0 0.475781 0.160645 0.010937 0.014648
0 0.166406 0.163574 0.012500 0.016602
0 0.428125 0.166016 0.017188 0.021484
0 0.763281 0.168945 0.018750 0.027344
0 0.254688 0.169434 0.015625 0.018555
0 0.495312 0.169434 0.010937 0.012695
0 0.742969 0.172363 0.010937 0.012695
0 0.242188 0.177734 0.014063 0.017578
0 0.192578 0.178711 0.014844 0.017578
0 0.133203 0.181641 0.017969 0.021484
0 0.853906 0.178711 0.010937 0.011719
0 0.305469 0.180664 0.009375 0.011719
0 0.806250 0.184082 0.012500 0.012695
0 0.620703 0.185547 0.011719 0.013672
0 0.366406 0.188965 0.009375 0.012695
0 0.995703 0.191895 0.008594 0.016602
0 0.545703 0.193359 0.014844 0.017578
0 0.723437 0.192871 0.014063 0.016602
0 0.337891 0.203613 0.008594 0.012695
0 0.858203 0.205566 0.013281 0.014648
0 0.114844 0.210938 0.014063 0.015625
0 0.282422 0.212891 0.014844 0.019531
0 0.448047 0.212402 0.014844 0.018555
0 0.083203 0.209961 0.010156 0.011719
0 0.350391 0.209473 0.008594 0.010742
0 0.129688 0.217773 0.015625 0.017578
0 0.872656 0.218262 0.015625 0.016602
0 0.050000 0.220215 0.015625 0.018555
0 0.906250 0.217773 0.012500 0.013672
0 0.377734 0.220215 0.008594 0.012695
0 0.008203 0.223633 0.013281 0.015625
0 0.408594 0.225098 0.012500 0.014648
0 0.982812 0.227051 0.015625 0.016602
0 0.117578 0.230957 0.011719 0.014648
0 0.355469 0.230957 0.010937 0.012695
0 0.821094 0.233398 0.010937 0.011719
0 0.918359 0.236328 0.017969 0.017578
0 0.795312 0.238281 0.014063 0.015625
0 0.186719 0.241211 0.012500 0.015625
0 0.980859 0.248535 0.016406 0.018555
0 0.622266 0.251465 0.014844 0.018555
0 0.777344 0.248535 0.010937 0.012695
0 0.278125 0.250000 0.007812 0.009766
0 0.943750 0.252441 0.014063 0.014648
0 0.916016 0.258789 0.014844 0.017578
0 0.646094 0.260742 0.012500 0.015625
0 0.038281 0.265625 0.010937 0.017578
0 0.517969 0.265137 0.010937 0.012695
0 0.971094 0.269043 0.014063 0.014648
0 0.247266 0.270020 0.008594 0.012695
0 0.991406 0.272461 0.015625 0.017578
0 0.390625 0.275391 0.009375 0.011719
0 0.440625 0.279297 0.010937 0.013672
0 0.167578 0.281738 0.013281 0.014648
0 0.556641 0.280762 0.010156 0.012695
0 0.595313 0.285645 0.012500 0.014648
0 0.356641 0.286621 0.010156 0.012695
0 0.103516 0.288086 0.007031 0.009766
0 0.173047 0.301270 0.008594 0.010742
0 0.220703 0.304199 0.013281 0.016602
0 0.902734 0.309570 0.013281 0.011719
0 0.548828 0.312500 0.008594 0.009766
0 0.866016 0.318848 0.016406 0.016602
0 0.691406 0.318848 0.012500 0.014648
0 0.183203 0.318359 0.008594 0.009766
0 0.451953 0.324707 0.011719 0.014648
0 0.649219 0.325195 0.007812 0.011719
0 0.461328 0.327637 0.011719 0.014648
0 0.772656 0.331543 0.017188 0.018555
0 0.333984 0.328613 0.007031 0.008789
0 0.605078 0.328125 0.007031 0.007812
0 0.045312 0.332520 0.010937 0.012695
0 0.725781 0.334473 0.009375 0.012695
0 0.650781 0.336914 0.009375 0.011719
0 0.628516 0.336426 0.007031 0.008789
0 0.416406 0.337402 0.007812 0.008789
0 0.020703 0.344238 0.016406 0.020508
0 0.711328 0.343262 0.014844 0.018555
0 0.915625 0.354004 0.017188 0.018555
0 0.165625 0.362793 0.010937 0.012695
0 0.596484 0.368652 0.013281 0.014648
0 0.194531 0.371582 0.010937 0.010742
0 0.755469 0.375977 0.010937 0.011719
0 0.384766 0.375488 0.005469 0.006836
0 0.915234 0.381348 0.016406 0.018555
0 0.446094 0.384766 0.017188 0.021484
0 0.502734 0.381348 0.010156 0.012695
0 0.677734 0.382324 0.010156 0.012695
0 0.278125 0.387695 0.017188 0.019531
0 0.986719 0.385742 0.012500 0.013672
0 0.932813 0.390137 0.015625 0.020508
0 0.353516 0.389648 0.013281 0.015625
0 0.879297 0.388672 0.013281 0.013672
0 0.596875 0.386719 0.006250 0.007812
0 0.858203 0.395508 0.010156 0.011719
0 0.210547 0.397461 0.011719 0.013672
0 0.346484 0.395996 0.008594 0.010742
0 0.679688 0.398438 0.009375 0.011719
0 0.752734 0.397949 0.007031 0.008789
0 0.992578 0.403320 0.014844 0.019531
0 0.912109 0.406250 0.016406 0.017578
0 0.553125 0.408691 0.010937 0.012695
0 0.515625 0.411621 0.010937 0.012695
0 0.458203 0.410156 0.007031 0.007812
0 0.335156 0.416504 0.006250 0.008789
0 0.061719 0.422852 0.015625 0.017578
0 0.163281 0.423340 0.010937 0.018555
0 0.477344 0.419922 0.009375 0.011719
0 0.902734 0.423340 0.013281 0.014648
0 0.048828 0.427246 0.013281 0.014648
0 0.954688 0.425781 0.010937 0.011719
0 0.544141 0.429688 0.008594 0.011719
0 0.345703 0.432617 0.013281 0.015625
0 0.905469 0.435059 0.014063 0.014648
0 0.137891 0.437012 0.014844 0.016602
0 0.300000 0.434570 0.009375 0.011719
0 0.338672 0.438477 0.010156 0.011719
0 0.237500 0.438965 0.009375 0.010742
0 0.669141 0.439941 0.010156 0.012695
0 0.007031 0.446289 0.012500 0.015625
0 0.649609 0.444824 0.008594 0.010742
0 0.240625 0.445801 0.009375 0.010742
0 0.120313 0.447754 0.006250 0.008789
0 0.035547 0.451172 0.008594 0.011719
0 0.926953 0.463379 0.011719 0.014648
0 0.409766 0.465332 0.008594 0.010742
0 0.766016 0.467285 0.008594 0.008789
0 0.887500 0.469727 0.012500 0.013672
0 0.207422 0.477051 0.014844 0.018555
0 0.327734 0.476074 0.011719 0.012695
0 0.841406 0.481934 0.014063 0.016602
0 0.176953 0.486328 0.016406 0.021484
0 0.556641 0.484375 0.011719 0.013672
0 0.791016 0.487305 0.024219 0.017578
0 0.747656 0.487305 0.012500 0.013672
0 0.874609 0.492676 0.016406 0.018555
0 0.400391 0.504395 0.017969 0.028320
0 0.894141 0.499512 0.014844 0.018555
0 0.942969 0.498535 0.010937 0.012695
0 0.337500 0.500977 0.010937 0.015625
0 0.641797 0.498047 0.007031 0.009766
0 0.061328 0.507812 0.016406 0.019531
0 0.089063 0.506836 0.015625 0.017578
0 0.910937 0.509277 0.017188 0.020508
0 0.184766 0.506348 0.011719 0.012695
0 0.521484 0.509277 0.008594 0.010742
0 0.442578 0.509277 0.007031 0.008789
0 0.868359 0.524902 0.017969 0.026367
0 0.716406 0.518555 0.007812 0.009766
0 0.814063 0.519531 0.010937 0.011719
0 0.167578 0.525391 0.008594 0.009766
0 0.331641 0.528320 0.011719 0.015625
0 0.666016 0.523926 0.005469 0.006836
0 0.419922 0.528809 0.010156 0.010742
0 0.623437 0.530273 0.009375 0.011719
0 0.139844 0.540039 0.015625 0.015625
0 0.864453 0.538086 0.011719 0.011719
0 0.782813 0.542480 0.014063 0.016602
0 0.900781 0.547363 0.010937 0.010742
0 0.553906 0.552734 0.009375 0.011719
0 0.248828 0.557129 0.016406 0.018555
0 0.626563 0.555664 0.007812 0.009766
0 0.725000 0.559082 0.010937 0.012695
0 0.305859 0.557617 0.007031 0.007812
0 0.292578 0.564941 0.010156 0.012695
0 0.995313 0.565918 0.009375 0.014648
0 0.624609 0.562988 0.005469 0.006836
0 0.750781 0.567871 0.014063 0.016602
0 0.133594 0.568359 0.012500 0.013672
0 0.610938 0.569824 0.009375 0.012695
0 0.196094 0.571777 0.010937 0.012695
0 0.568750 0.572266 0.010937 0.013672
0 0.657422 0.578125 0.011719 0.013672
0 0.708984 0.583496 0.016406 0.018555
0 0.896875 0.582031 0.014063 0.015625
0 0.094922 0.589844 0.016406 0.019531
0 0.967578 0.586426 0.011719 0.012695
0 0.135937 0.587402 0.010937 0.012695
0 0.187891 0.587891 0.010156 0.011719
0 0.215234 0.588379 0.008594 0.010742
0 0.565625 0.591797 0.009375 0.011719
0 0.689453 0.590820 0.007031 0.009766
0 0.073047 0.595703 0.014844 0.017578
0 0.778906 0.594238 0.010937 0.012695
0 0.995313 0.595703 0.007812 0.011719
0 0.869922 0.604980 0.017969 0.022461
0 0.891016 0.603027 0.011719 0.012695
0 0.719141 0.606445 0.010156 0.011719
0 0.173437 0.608398 0.010937 0.013672
0 0.487891 0.609375 0.008594 0.013672
0 0.465234 0.607910 0.007031 0.008789
0 0.438281 0.607910 0.006250 0.006836
0 0.320312 0.611328 0.009375 0.011719
0 0.656641 0.617188 0.010156 0.011719
0 0.921094 0.618164 0.012500 0.013672
0 0.986328 0.622070 0.011719 0.013672
0 0.141406 0.622559 0.009375 0.012695
0 0.302344 0.633789 0.010937 0.013672
0 0.755859 0.631836 0.008594 0.009766
0 0.015625 0.635254 0.012500 0.014648
0 0.234375 0.633789 0.007812 0.009766
0 0.050781 0.638184 0.012500 0.014648
0 0.519922 0.636230 0.007031 0.008789
0 0.474219 0.639648 0.010937 0.013672
0 0.868750 0.642578 0.010937 0.013672
0 0.444922 0.642090 0.008594 0.010742
0 0.642188 0.646973 0.014063 0.016602
0 0.083594 0.652832 0.015625 0.018555
0 0.808984 0.649902 0.010156 0.012695
0 0.825000 0.653320 0.015625 0.019531
0 0.162891 0.653320 0.011719 0.013672
0 0.793359 0.653320 0.011719 0.013672
0 0.851953 0.657715 0.011719 0.014648
0 0.846484 0.663574 0.013281 0.014648
0 0.242969 0.665039 0.009375 0.011719
0 0.529297 0.665527 0.010156 0.012695
0 0.144922 0.667480 0.011719 0.014648
0 0.394922 0.668457 0.013281 0.016602
0 0.904687 0.669922 0.012500 0.015625
0 0.746484 0.670898 0.011719 0.013672
0 0.576562 0.673828 0.014063 0.017578
0 0.813281 0.670898 0.010937 0.011719
0 0.177734 0.677246 0.014844 0.018555
0 0.405469 0.671875 0.007812 0.007812
0 0.048438 0.673340 0.006250 0.008789
0 0.344922 0.674805 0.008594 0.011719
0 0.314453 0.677246 0.010156 0.012695
0 0.208203 0.679199 0.011719 0.014648
0 0.623828 0.683105 0.013281 0.016602
0 0.605078 0.682129 0.010156 0.012695
0 0.985547 0.686523 0.016406 0.019531
0 0.899219 0.688477 0.012500 0.015625
0 0.119531 0.687012 0.009375 0.010742
0 0.941406 0.688965 0.010937 0.012695
0 0.498047 0.697266 0.013281 0.015625
0 0.012109 0.703125 0.011719 0.015625
0 0.064844 0.708984 0.017188 0.021484
0 0.348047 0.704590 0.010156 0.012695
0 0.471484 0.703613 0.008594 0.010742
0 0.478125 0.705566 0.009375 0.012695
0 0.287500 0.706543 0.010937 0.012695
0 0.572656 0.704590 0.007812 0.008789
0 0.986719 0.707520 0.012500 0.014648
0 0.810937 0.709473 0.014063 0.016602
0 0.938281 0.711426 0.015625 0.016602
0 0.701562 0.711914 0.010937 0.013672
0 0.432812 0.714355 0.010937 0.016602
0 0.602344 0.712402 0.009375 0.012695
0 0.206250 0.724121 0.015625 0.018555
0 0.544531 0.721191 0.009375 0.012695
0 0.709766 0.720703 0.010156 0.011719
0 0.265234 0.728516 0.010156 0.013672
0 0.792969 0.728516 0.010937 0.011719
0 0.613672 0.729980 0.011719 0.012695
0 0.486719 0.738281 0.007812 0.009766
0 0.839844 0.742676 0.015625 0.018555
0 0.233984 0.746582 0.014844 0.018555
0 0.798438 0.744629 0.012500 0.014648
0 0.986719 0.746094 0.012500 0.015625
0 0.416406 0.748535 0.012500 0.014648
0 0.447656 0.756836 0.015625 0.025391
0 0.382031 0.756836 0.007812 0.009766
0 0.821875 0.761719 0.015625 0.019531
0 0.208594 0.762207 0.014063 0.018555
0 0.284766 0.760254 0.008594 0.012695
0 0.664062 0.762695 0.012500 0.015625
0 0.759766 0.769043 0.016406 0.020508
0 0.163672 0.766602 0.010156 0.011719
0 0.505469 0.765625 0.009375 0.009766
0 0.644922 0.767090 0.010156 0.012695
0 0.543359 0.768066 0.010156 0.012695
0 0.564844 0.767578 0.009375 0.011719
0 0.866016 0.768555 0.011719 0.013672
0 0.042188 0.769531 0.010937 0.013672
0 0.535937 0.770508 0.010937 0.013672
0 0.122656 0.770020 0.009375 0.010742
0 0.241406 0.779297 0.015625 0.019531
0 0.367578 0.777832 0.010156 0.012695
0 0.207031 0.778320 0.009375 0.011719
0 0.273047 0.782715 0.016406 0.020508
0 0.851953 0.782227 0.013281 0.015625
0 0.568359 0.785645 0.010156 0.012695
0 0.194922 0.791016 0.008594 0.009766
0 0.306250 0.793457 0.009375 0.014648
0 0.707031 0.791504 0.009375 0.010742
0 0.698047 0.799316 0.017969 0.022461
0 0.939063 0.799316 0.014063 0.016602
0 0.864453 0.800781 0.014844 0.017578
0 0.823438 0.804688 0.018750 0.023438
0 0.437109 0.800293 0.008594 0.010742
0 0.421875 0.803711 0.012500 0.015625
0 0.245703 0.804199 0.011719 0.014648
0 0.629687 0.803711 0.009375 0.011719
0 0.023438 0.809570 0.015625 0.019531
0 0.272656 0.808105 0.010937 0.014648
0 0.548828 0.806152 0.007031 0.006836
0 0.316016 0.809570 0.008594 0.011719
0 0.897656 0.814941 0.015625 0.018555
0 0.125781 0.813477 0.009375 0.011719
0 0.849609 0.817383 0.014844 0.019531
0 0.651563 0.816406 0.012500 0.015625
0 0.529297 0.818848 0.013281 0.016602
0 0.719141 0.815918 0.008594 0.010742
0 0.471484 0.818848 0.010156 0.010742
0 0.216406 0.821777 0.010937 0.014648
0 0.373437 0.820312 0.007812 0.009766
0 0.870313 0.828613 0.015625 0.018555
0 0.366797 0.832031 0.011719 0.015625
0 0.126953 0.836426 0.016406 0.020508
0 0.774609 0.841309 0.017969 0.022461
0 0.975000 0.839355 0.015625 0.018555
0 0.049219 0.840332 0.014063 0.016602
0 0.725391 0.836914 0.008594 0.009766
0 0.570312 0.840332 0.010937 0.014648
0 0.623047 0.839844 0.011719 0.013672
0 0.160547 0.845215 0.016406 0.020508
0 0.604688 0.841797 0.009375 0.011719
0 0.219922 0.847168 0.019531 0.020508
0 0.594531 0.845215 0.014063 0.014648
0 0.698828 0.848145 0.011719 0.014648
0 0.273047 0.850098 0.007031 0.010742
0 0.828516 0.850586 0.010156 0.011719
0 0.611328 0.852051 0.010156 0.012695
0 0.794531 0.852051 0.007812 0.010742
0 0.559375 0.858887 0.012500 0.016602
0 0.080469 0.859863 0.010937 0.014648
0 0.139453 0.858887 0.010156 0.012695
0 0.580078 0.858398 0.008594 0.011719
0 0.710156 0.860840 0.012500 0.014648
0 0.376953 0.860840 0.010156 0.012695
0 0.125000 0.863770 0.010937 0.014648
0 0.789062 0.864258 0.012500 0.015625
0 0.673828 0.871094 0.017969 0.021484
0 0.659375 0.867676 0.010937 0.012695
0 0.946094 0.872070 0.018750 0.019531
0 0.083594 0.873535 0.012500 0.016602
0 0.378125 0.882324 0.017188 0.022461
0 0.276562 0.883301 0.010937 0.014648
0 0.201563 0.887207 0.007812 0.010742
0 0.125000 0.890625 0.012500 0.013672
0 0.257031 0.890137 0.009375 0.010742
0 0.015625 0.893555 0.012500 0.013672
0 0.662500 0.891602 0.007812 0.009766
0 0.219531 0.899414 0.017188 0.023438
0 0.643359 0.895020 0.008594 0.010742
0 0.141016 0.908203 0.019531 0.025391
0 0.272266 0.906250 0.016406 0.019531
0 0.811719 0.903320 0.010937 0.013672
0 0.164062 0.905273 0.012500 0.015625
0 0.911719 0.910156 0.010937 0.011719
0 0.621094 0.911621 0.009375 0.010742
0 0.474219 0.919434 0.010937 0.014648
0 0.971094 0.923340 0.026562 0.022461
0 0.457031 0.921875 0.010937 0.013672
0 0.049609 0.927246 0.014844 0.022461
0 0.346094 0.920410 0.006250 0.008789
0 0.774219 0.922852 0.010937 0.013672
0 0.786719 0.923828 0.010937 0.011719
0 0.338281 0.930664 0.015625 0.019531
0 0.548438 0.930176 0.014063 0.016602
0 0.633203 0.932617 0.014844 0.017578
0 0.795703 0.930664 0.011719 0.013672
0 0.433203 0.931641 0.008594 0.011719
0 0.590234 0.934082 0.008594 0.010742
0 0.282422 0.937500 0.010156 0.011719
0 0.501172 0.938965 0.007031 0.010742
0 0.139844 0.942383 0.012500 0.015625
0 0.353516 0.946289 0.007031 0.009766
0 0.381250 0.948730 0.009375 0.012695
0 0.558594 0.948730 0.009375 0.010742
0 0.568359 0.951660 0.011719 0.014648
0 0.598828 0.950195 0.008594 0.011719
0 0.253906 0.951172 0.009375 0.011719
0 0.552344 0.954102 0.007812 0.011719
0 0.562109 0.958496 0.010156 0.012695
0 0.760156 0.961426 0.012500 0.014648
0 0.858594 0.960938 0.010937 0.013672
0 0.143750 0.965820 0.015625 0.019531
0 0.214062 0.969238 0.014063 0.024414
0 0.723828 0.961914 0.008594 0.009766
0 0.430469 0.967773 0.009375 0.013672
0 0.591016 0.972168 0.017969 0.018555
0 0.733203 0.971680 0.008594 0.009766
0 0.283984 0.974121 0.008594 0.010742
0 0.564844 0.974609 0.009375 0.011719
0 0.029297 0.980469 0.016406 0.019531
0 0.393750 0.977051 0.009375 0.012695
0 0.229687 0.981445 0.012500 0.017578
0 0.705859 0.979004 0.008594 0.010742
0 0.473438 0.983398 0.010937 0.013672
0 0.831250 0.987793 0.010937 0.014648
0 0.375000 0.991699 0.010937 0.014648
0 0.491406 0.992676 0.014063 0.014648
0 0.219922 0.994141 0.016406 0.011719
0 0.329297 0.994141 0.014844 0.011719
0 0.626563 0.994141 0.014063 0.011719
0 0.428516 0.996582 0.010156 0.006836
0 0.586719 0.997559 0.007812 0.004883