0 0.011328 0.007812 0.017969 0.015625
0 0.106250 0.009766 0.017188 0.019531
0 0.249609 0.005371 0.011719 0.010742
0 0.605859 0.004395 0.011719 0.008789
0 0.775000 0.004883 0.012500 0.009766
0 0.217578 0.009277 0.013281 0.016602
0 0.915625 0.010742 0.014063 0.017578
0 0.186719 0.018555 0.014063 0.019531
0 0.383594 0.025879 0.018750 0.020508
0 0.548047 0.022949 0.010156 0.012695
0 0.857812 0.031250 0.021875 0.029297
0 0.492188 0.023438 0.009375 0.011719
0 0.821875 0.025879 0.010937 0.012695
0 0.560547 0.033691 0.007031 0.010742
0 0.786719 0.038086 0.015625 0.019531
0 0.294531 0.035645 0.009375 0.012695
0 0.765234 0.036133 0.008594 0.011719
0 0.313281 0.043945 0.012500 0.017578
0 0.502734 0.041992 0.010156 0.013672
0 0.825781 0.042969 0.014063 0.015625
0 0.990234 0.046387 0.017969 0.020508
0 0.558594 0.045410 0.010937 0.012695
0 0.476172 0.051270 0.007031 0.010742
0 0.599609 0.054688 0.011719 0.015625
0 0.881250 0.055664 0.015625 0.017578
0 0.074219 0.056641 0.014063 0.017578
0 0.195703 0.059082 0.013281 0.018555
0 0.321094 0.057129 0.007812 0.010742
0 0.102734 0.063477 0.013281 0.019531
0 0.233594 0.059082 0.010937 0.010742
0 0.368750 0.064453 0.015625 0.021484
0 0.917578 0.070312 0.014844 0.025391
0 0.825000 0.068848 0.015625 0.016602
0 0.116797 0.068848 0.011719 0.014648
0 0.331250 0.066406 0.007812 0.009766
0 0.256641 0.067383 0.007031 0.009766
0 0.302344 0.066895 0.007812 0.008789
0 0.643750 0.069824 0.007812 0.010742
0 0.686719 0.071289 0.009375 0.011719
0 0.205078 0.074707 0.010156 0.014648
0 0.657031 0.080078 0.009375 0.013672
0 0.149609 0.093262 0.010156 0.014648
0 0.670703 0.092285 0.008594 0.010742
0 0.742969 0.097168 0.015625 0.020508
0 0.917969 0.099121 0.015625 0.022461
0 0.481250 0.101074 0.012500 0.014648
0 0.423828 0.104492 0.007031 0.009766
0 0.167578 0.109863 0.014844 0.018555
0 0.543359 0.109375 0.008594 0.011719
0 0.266406 0.107910 0.006250 0.006836
0 0.201563 0.115723 0.014063 0.018555
0 0.473047 0.112793 0.011719 0.012695
0 0.523047 0.114746 0.011719 0.014648
0 0.941016 0.111816 0.008594 0.008789
0 0.130469 0.120117 0.015625 0.017578
0 0.855859 0.123535 0.016406 0.020508
0 0.014844 0.123047 0.012500 0.015625
0 0.580859 0.121094 0.008594 0.009766
0 0.055078 0.122559 0.008594 0.010742
0 0.768359 0.124512 0.013281 0.014648
0 0.389453 0.130859 0.021094 0.025391
0 0.512500 0.129883 0.012500 0.015625
0 0.539453 0.135254 0.014844 0.018555
0 0.150000 0.136719 0.012500 0.015625
0 0.947656 0.136230 0.009375 0.010742
0 0.194922 0.143555 0.011719 0.015625
0 0.700781 0.148438 0.023438 0.021484
0 0.045312 0.150391 0.015625 0.021484
0 0.237109 0.146973 0.010156 0.012695
0 0.571094 0.155762 0.012500 0.014648
0 0.788672 0.156250 0.010156 0.013672
0 0.515234 0.156250 0.008594 0.009766
0 0.217188 0.160645 0.012500 0.014648
0 0.188281 0.162109 0.009375 0.009766
0 0.299219 0.165039 0.010937 0.013672
0 0.653516 0.170898 0.011719 0.013672
0 0.301953 0.175293 0.011719 0.014648
0 0.935547 0.175781 0.011719 0.013672
0 0.380469 0.182129 0.010937 0.014648
0 0.698828 0.181641 0.007031 0.009766
0 0.492969 0.186035 0.009375 0.012695
0 0.993750 0.188477 0.010937 0.013672
0 0.403516 0.192871 0.010156 0.012695
0 0.969141 0.192871 0.011719 0.012695
0 0.032422 0.196777 0.014844 0.016602
0 0.685937 0.194336 0.009375 0.011719
0 0.125000 0.201172 0.012500 0.015625
0 0.481641 0.200195 0.010156 0.011719
0 0.769922 0.201172 0.011719 0.013672
0 0.436328 0.201172 0.010156 0.011719
0 0.195703 0.205078 0.010156 0.011719
0 0.466797 0.204102 0.008594 0.009766
0 0.112109 0.208008 0.011719 0.013672
0 0.052734 0.206055 0.007031 0.007812
0 0.528906 0.212402 0.015625 0.020508
0 0.633984 0.209961 0.010156 0.011719
0 0.743750 0.212891 0.010937 0.011719
0 0.900391 0.217773 0.010156 0.011719
0 0.751953 0.218262 0.010156 0.010742
0 0.255469 0.222168 0.010937 0.014648
0 0.445312 0.220703 0.009375 0.011719
0 0.030859 0.225586 0.011719 0.013672
0 0.614844 0.229004 0.014063 0.016602
0 0.116797 0.228516 0.007031 0.007812
0 0.064062 0.231445 0.007812 0.009766
0 0.626172 0.232422 0.010156 0.011719
0 0.819531 0.237305 0.010937 0.011719
0 0.117188 0.239746 0.010937 0.014648
0 0.451953 0.235840 0.005469 0.006836
0 0.562891 0.239746 0.008594 0.010742
0 0.390625 0.242676 0.010937 0.012695
0 0.979297 0.244141 0.024219 0.015625
0 0.728906 0.247559 0.012500 0.016602
0 0.921094 0.247070 0.012500 0.013672
0 0.622656 0.252930 0.018750 0.021484
0 0.993750 0.250000 0.010937 0.011719
0 0.299609 0.254395 0.010156 0.012695
0 0.122266 0.254395 0.008594 0.008789
0 0.738672 0.254883 0.007031 0.007812
0 0.320703 0.257324 0.007031 0.008789
0 0.959766 0.258789 0.011719 0.011719
0 0.089453 0.265625 0.014844 0.017578
0 0.487500 0.264160 0.009375 0.012695
0 0.790234 0.261719 0.007031 0.007812
0 0.878516 0.265625 0.011719 0.013672
0 0.028516 0.266602 0.008594 0.009766
0 0.339062 0.271484 0.009375 0.011719
0 0.331641 0.273438 0.008594 0.011719
0 0.205469 0.280273 0.014063 0.015625
0 0.971484 0.279297 0.013281 0.013672
0 0.398438 0.281250 0.014063 0.015625
0 0.894922 0.279785 0.011719 0.012695
0 0.074609 0.279297 0.007031 0.007812
0 0.748437 0.284180 0.015625 0.015625
0 0.583984 0.285645 0.011719 0.014648
0 0.216406 0.285156 0.009375 0.011719
0 0.851172 0.286621 0.010156 0.012695
0 0.095703 0.287109 0.010156 0.011719
0 0.506250 0.286133 0.009375 0.009766
0 0.104688 0.292969 0.014063 0.015625
0 0.693750 0.293457 0.014063 0.016602
0 0.904687 0.291016 0.007812 0.009766
0 0.220703 0.293457 0.007031 0.008789
0 0.171484 0.296875 0.011719 0.013672
0 0.191797 0.295410 0.008594 0.010742
0 0.671094 0.301270 0.010937 0.012695
0 0.064844 0.305176 0.014063 0.016602
0 0.271875 0.303223 0.007812 0.010742
0 0.504297 0.305176 0.011719 0.014648
0 0.205469 0.305664 0.012500 0.013672
0 0.763281 0.308594 0.012500 0.015625
0 0.161719 0.306641 0.007812 0.009766
0 0.709766 0.309082 0.010156 0.012695
0 0.479687 0.312012 0.014063 0.016602
0 0.284766 0.313965 0.013281 0.016602
0 0.680469 0.314941 0.015625 0.018555
0 0.406250 0.312500 0.009375 0.011719
0 0.372656 0.313477 0.009375 0.011719
0 0.236328 0.313477 0.007031 0.009766
0 0.771484 0.320312 0.017969 0.017578
0 0.108203 0.320801 0.010156 0.012695
0 0.251563 0.323242 0.007812 0.009766
0 0.696484 0.329590 0.007031 0.008789
0 0.353906 0.337891 0.007812 0.009766
0 0.576953 0.340332 0.010156 0.012695
0 0.330469 0.343262 0.007812 0.008789
0 0.595313 0.345215 0.009375 0.010742
0 0.385156 0.348145 0.009375 0.010742
0 0.972266 0.346680 0.010156 0.007812
0 0.167969 0.354492 0.017188 0.021484
0 0.157031 0.349609 0.007812 0.009766
0 0.310937 0.350586 0.009375 0.011719
0 0.437109 0.354980 0.013281 0.014648
0 0.289062 0.354004 0.006250 0.006836
0 0.849219 0.357422 0.012500 0.013672
0 0.247266 0.362305 0.013281 0.015625
0 0.749219 0.361816 0.009375 0.010742
0 0.028516 0.363281 0.010156 0.011719
0 0.116406 0.362305 0.007812 0.009766
0 0.714844 0.368164 0.012500 0.015625
0 0.365625 0.367676 0.009375 0.012695
0 0.101562 0.370605 0.014063 0.016602
0 0.196094 0.370117 0.010937 0.013672
0 0.579688 0.372070 0.010937 0.013672
0 0.755859 0.370605 0.008594 0.010742
0 0.298828 0.371582 0.008594 0.010742
0 0.915625 0.381836 0.015625 0.021484
0 0.760156 0.377441 0.007812 0.010742
0 0.484375 0.378418 0.007812 0.008789
0 0.891797 0.378906 0.008594 0.009766
0 0.073438 0.378906 0.006250 0.007812
0 0.278125 0.386719 0.018750 0.023438
0 0.307031 0.382324 0.010937 0.012695
0 0.385937 0.381836 0.009375 0.011719
0 0.458594 0.382324 0.009375 0.012695
0 0.517578 0.383301 0.010156 0.012695
0 0.766016 0.382812 0.008594 0.009766
0 0.835156 0.387695 0.014063 0.015625
0 0.932813 0.390137 0.017188 0.020508
0 0.589063 0.391602 0.007812 0.009766
0 0.970703 0.395508 0.008594 0.011719
0 0.728906 0.398926 0.010937 0.012695
0 0.761719 0.403809 0.012500 0.014648
0 0.135156 0.416992 0.009375 0.009766
0 0.223438 0.417969 0.009375 0.011719
0 0.382812 0.422363 0.014063 0.016602
0 0.888672 0.422852 0.011719 0.013672
0 0.701172 0.422363 0.008594 0.010742
0 0.750391 0.426270 0.014844 0.016602
0 0.651953 0.425293 0.008594 0.010742
0 0.927734 0.428223 0.014844 0.016602
0 0.608594 0.428711 0.007812 0.009766
0 0.851172 0.438965 0.011719 0.014648
0 0.571094 0.440918 0.009375 0.010742
0 0.927344 0.441895 0.010937 0.010742
0 0.786719 0.447754 0.015625 0.020508
0 0.900000 0.444824 0.009375 0.010742
0 0.211719 0.448730 0.010937 0.012695
0 0.689063 0.450684 0.012500 0.014648
0 0.189453 0.449707 0.008594 0.010742
0 0.769531 0.448730 0.007812 0.008789
0 0.175000 0.451660 0.009375 0.012695
0 0.261719 0.452637 0.009375 0.010742
0 0.136328 0.454102 0.008594 0.009766
0 0.456250 0.456543 0.007812 0.010742
0 0.873047 0.456543 0.010156 0.010742
0 0.365625 0.459473 0.010937 0.012695
0 0.405859 0.462402 0.010156 0.016602
0 0.529687 0.460938 0.010937 0.013672
0 0.891016 0.460449 0.011719 0.012695
0 0.178906 0.459961 0.007812 0.009766
0 0.200391 0.460449 0.007031 0.008789
0 0.237891 0.461914 0.007031 0.009766
0 0.223828 0.465332 0.011719 0.014648
0 0.435156 0.462891 0.007812 0.009766
0 0.944141 0.465820 0.013281 0.015625
0 0.612891 0.464844 0.010156 0.011719
0 0.838281 0.466309 0.009375 0.010742
0 0.010937 0.471680 0.009375 0.013672
0 0.596484 0.470703 0.008594 0.011719
0 0.046484 0.477051 0.010156 0.012695
0 0.219531 0.476074 0.007812 0.010742
0 0.127344 0.476074 0.004687 0.006836
0 0.778125 0.482910 0.010937 0.012695
0 0.010547 0.482422 0.005469 0.009766
0 0.031250 0.485840 0.007812 0.010742
0 0.279687 0.487793 0.009375 0.010742
0 0.550781 0.490723 0.014063 0.016602
0 0.619922 0.487793 0.007031 0.008789
0 0.845703 0.491211 0.013281 0.015625
0 0.065625 0.494629 0.015625 0.018555
0 0.484375 0.492188 0.007812 0.009766
0 0.883203 0.496094 0.011719 0.013672
0 0.512109 0.496094 0.007031 0.009766
0 0.660937 0.500488 0.010937 0.012695
0 0.337891 0.501953 0.011719 0.013672
0 0.325391 0.500977 0.008594 0.009766
0 0.865234 0.503906 0.013281 0.015625
0 0.817969 0.504395 0.012500 0.014648
0 0.622266 0.502441 0.005469 0.006836
0 0.417969 0.507812 0.010937 0.013672
0 0.316016 0.508301 0.008594 0.010742
0 0.539844 0.509766 0.007812 0.009766
0 0.594141 0.512207 0.014844 0.012695
0 0.776563 0.513184 0.012500 0.014648
0 0.503125 0.513672 0.010937 0.013672
0 0.994531 0.517090 0.010937 0.020508
0 0.153906 0.512207 0.007812 0.008789
0 0.609375 0.515625 0.006250 0.009766
0 0.826172 0.518066 0.008594 0.010742
0 0.400000 0.520020 0.010937 0.012695
0 0.060156 0.520508 0.009375 0.011719
0 0.270313 0.520508 0.009375 0.011719
0 0.428516 0.522949 0.013281 0.016602
0 0.891406 0.520996 0.010937 0.012695
0 0.532813 0.526367 0.015625 0.017578
0 0.812500 0.525391 0.010937 0.011719
0 0.112109 0.529297 0.013281 0.017578
0 0.883984 0.529297 0.010156 0.011719
0 0.523438 0.531250 0.009375 0.009766
0 0.911328 0.531738 0.010156 0.010742
0 0.950781 0.532715 0.010937 0.012695
0 0.510156 0.532715 0.009375 0.010742
0 0.612500 0.537598 0.010937 0.012695
0 0.685937 0.541992 0.015625 0.019531
0 0.147656 0.541016 0.012500 0.013672
0 0.967578 0.543457 0.007031 0.008789
0 0.566797 0.544922 0.007031 0.007812
0 0.037500 0.550293 0.014063 0.016602
0 0.300000 0.548828 0.007812 0.009766
0 0.518359 0.552734 0.014844 0.017578
0 0.573438 0.549805 0.010937 0.011719
0 0.655469 0.553223 0.009375 0.010742
0 0.908203 0.554199 0.010156 0.012695
0 0.046484 0.554688 0.008594 0.009766
0 0.129688 0.554688 0.007812 0.009766
0 0.860938 0.557617 0.010937 0.011719
0 0.953125 0.560547 0.015625 0.017578
0 0.005859 0.562012 0.011719 0.014648
0 0.252344 0.564941 0.014063 0.018555
0 0.241406 0.564941 0.009375 0.010742
0 0.409766 0.564941 0.010156 0.010742
0 0.189453 0.567383 0.011719 0.013672
0 0.306641 0.571777 0.016406 0.016602
0 0.128516 0.571777 0.011719 0.014648
0 0.676562 0.572266 0.012500 0.015625
0 0.725391 0.581543 0.011719 0.014648
0 0.094922 0.590332 0.011719 0.020508
0 0.628516 0.584473 0.007031 0.008789
0 0.070312 0.586426 0.007812 0.008789
0 0.973047 0.589844 0.011719 0.011719
0 0.287500 0.590332 0.009375 0.010742
0 0.336328 0.589844 0.007031 0.009766
0 0.134766 0.593262 0.010156 0.012695
0 0.452734 0.592773 0.010156 0.011719
0 0.626953 0.594727 0.011719 0.015625
0 0.798828 0.592773 0.008594 0.009766
0 0.705469 0.599121 0.015625 0.018555
0 0.078906 0.595703 0.007812 0.009766
0 0.160938 0.597168 0.010937 0.012695
0 0.394141 0.600098 0.011719 0.016602
0 0.325391 0.599121 0.010156 0.012695
0 0.618359 0.599609 0.008594 0.009766
0 0.720703 0.603516 0.008594 0.009766
0 0.879297 0.606445 0.013281 0.015625
0 0.785937 0.606445 0.010937 0.011719
0 0.351562 0.606445 0.007812 0.009766
0 0.626563 0.607422 0.009375 0.011719
0 0.799219 0.607910 0.009375 0.010742
0 0.413672 0.609863 0.008594 0.010742
0 0.965625 0.614258 0.012500 0.013672
0 0.294531 0.614746 0.010937 0.012695
0 0.011328 0.620605 0.010156 0.012695
0 0.374219 0.621582 0.009375 0.010742
0 0.583203 0.628418 0.013281 0.014648
0 0.346875 0.627930 0.007812 0.011719
0 0.613672 0.627441 0.008594 0.010742
0 0.179297 0.628418 0.008594 0.010742
0 0.865625 0.635254 0.012500 0.014648
0 0.105078 0.633789 0.007031 0.007812
0 0.780469 0.638672 0.012500 0.013672
0 0.628125 0.643066 0.014063 0.016602
0 0.954688 0.642578 0.012500 0.013672
0 0.229297 0.641602 0.008594 0.009766
0 0.111719 0.644531 0.009375 0.011719
0 0.103125 0.645996 0.009375 0.012695
0 0.519922 0.644043 0.007031 0.008789
0 0.243359 0.654297 0.014844 0.019531
0 0.019531 0.651367 0.006250 0.007812
0 0.855469 0.654785 0.012500 0.014648
0 0.108594 0.658203 0.014063 0.017578
0 0.844531 0.657715 0.012500 0.014648
0 0.458984 0.659668 0.008594 0.010742
0 0.676953 0.663574 0.013281 0.016602
0 0.483594 0.662109 0.009375 0.011719
0 0.700781 0.663574 0.012500 0.014648
0 0.322656 0.662598 0.009375 0.010742
0 0.053516 0.666992 0.013281 0.017578
0 0.545703 0.663574 0.008594 0.010742
0 0.431641 0.665527 0.008594 0.010742
0 0.828906 0.666016 0.007812 0.009766
0 0.167187 0.675781 0.009375 0.011719
0 0.739062 0.681641 0.017188 0.023438
0 0.452734 0.675293 0.007031 0.008789
0 0.032422 0.679199 0.007031 0.008789
0 0.357031 0.684082 0.010937 0.012695
0 0.530859 0.683105 0.008594 0.010742
0 0.300781 0.686523 0.012500 0.015625
0 0.694531 0.683105 0.007812 0.008789
0 0.513281 0.685059 0.007812 0.010742
0 0.191797 0.686035 0.008594 0.010742
0 0.814063 0.688965 0.007812 0.008789
0 0.476172 0.692871 0.008594 0.010742
0 0.137500 0.696289 0.014063 0.015625
0 0.508984 0.696289 0.013281 0.015625
0 0.688672 0.694336 0.008594 0.011719
0 0.969141 0.695312 0.010156 0.011719
0 0.568359 0.695312 0.008594 0.009766
0 0.073047 0.699707 0.013281 0.016602
0 0.375391 0.700195 0.011719 0.015625
0 0.318750 0.705078 0.015625 0.023438
0 0.902734 0.699707 0.010156 0.010742
0 0.530469 0.701172 0.007812 0.009766
0 0.122266 0.702637 0.008594 0.010742
0 0.158984 0.703613 0.007031 0.008789
0 0.279687 0.706543 0.012500 0.014648
0 0.957812 0.708496 0.015625 0.016602
0 0.636719 0.708984 0.009375 0.011719
0 0.628516 0.712891 0.011719 0.013672
0 0.296484 0.714844 0.010156 0.013672
0 0.667188 0.721680 0.010937 0.013672
0 0.726953 0.719727 0.008594 0.009766
0 0.301953 0.723145 0.011719 0.012695
0 0.525000 0.723633 0.010937 0.013672
0 0.504297 0.725586 0.008594 0.009766
0 0.265625 0.729004 0.010937 0.014648
0 0.211328 0.729980 0.008594 0.012695
0 0.228516 0.729492 0.010156 0.011719
0 0.946875 0.730469 0.012500 0.013672
0 0.076953 0.739746 0.008594 0.010742
0 0.964453 0.743652 0.016406 0.018555
0 0.756250 0.738770 0.006250 0.006836
0 0.469531 0.742188 0.009375 0.011719
0 0.204297 0.744629 0.010156 0.012695
0 0.042578 0.745605 0.010156 0.012695
0 0.790234 0.743652 0.007031 0.008789
0 0.305859 0.746582 0.010156 0.012695
0 0.095703 0.745605 0.008594 0.008789
0 0.289453 0.750000 0.011719 0.015625
0 0.144922 0.750488 0.010156 0.012695
0 0.326562 0.751465 0.012500 0.014648
0 0.245703 0.751953 0.008594 0.011719
0 0.403516 0.760254 0.008594 0.010742
0 0.612109 0.764648 0.010156 0.011719
0 0.794141 0.766113 0.013281 0.014648
0 0.419141 0.768555 0.014844 0.017578
0 0.274219 0.768066 0.012500 0.010742
0 0.150781 0.772949 0.014063 0.016602
0 0.589063 0.772461 0.009375 0.011719
0 0.240625 0.779297 0.015625 0.019531
0 0.003125 0.778809 0.006250 0.010742
0 0.794531 0.780762 0.012500 0.014648
0 0.991016 0.777344 0.007031 0.005859
0 0.706641 0.783203 0.008594 0.011719
0 0.608984 0.787598 0.011719 0.014648
0 0.372266 0.794922 0.007031 0.009766
0 0.688672 0.798340 0.013281 0.014648
0 0.261719 0.797363 0.007812 0.010742
0 0.153125 0.798828 0.006250 0.009766
0 0.364844 0.805176 0.018750 0.022461
0 0.190625 0.800293 0.007812 0.010742
0 0.156641 0.804688 0.007031 0.009766
0 0.694531 0.804688 0.007812 0.009766
0 0.899219 0.809082 0.010937 0.012695
0 0.005469 0.813477 0.010937 0.019531
0 0.580078 0.810547 0.011719 0.013672
0 0.465625 0.812500 0.010937 0.013672
0 0.587500 0.816406 0.007812 0.007812
0 0.527734 0.820801 0.010156 0.012695
0 0.614062 0.820312 0.009375 0.011719
0 0.608594 0.826660 0.009375 0.012695
0 0.305859 0.829590 0.008594 0.010742
0 0.069141 0.836426 0.016406 0.018555
0 0.435547 0.832031 0.007031 0.007812
0 0.400000 0.836426 0.010937 0.014648
0 0.126562 0.838379 0.010937 0.014648
0 0.751953 0.838379 0.011719 0.014648
0 0.580469 0.837402 0.007812 0.010742
0 0.847266 0.837891 0.007031 0.005859
0 0.382031 0.842285 0.009375 0.012695
0 0.426172 0.843262 0.007031 0.008789
0 0.142187 0.844238 0.004687 0.006836
0 0.660937 0.851562 0.017188 0.021484
0 0.983203 0.850586 0.014844 0.017578
0 0.155469 0.848633 0.009375 0.011719
0 0.287109 0.846191 0.005469 0.006836
0 0.516797 0.852539 0.008594 0.009766
0 0.811328 0.854492 0.011719 0.013672
0 0.739844 0.859375 0.012500 0.015625
0 0.145313 0.856934 0.006250 0.008789
0 0.636719 0.866211 0.009375 0.011719
0 0.620313 0.867188 0.007812 0.009766
0 0.855859 0.869629 0.011719 0.012695
0 0.158984 0.873047 0.010156 0.011719
0 0.996484 0.873535 0.007031 0.012695
0 0.778906 0.876953 0.012500 0.015625
0 0.210156 0.882324 0.009375 0.012695
0 0.912891 0.885254 0.014844 0.016602
0 0.575000 0.886719 0.015625 0.017578
0 0.624609 0.884766 0.010156 0.011719
0 0.226562 0.891113 0.010937 0.014648
0 0.296094 0.891602 0.009375 0.011719
0 0.269141 0.896484 0.010156 0.013672
0 0.444141 0.895996 0.010156 0.012695
0 0.644531 0.895508 0.007812 0.009766
0 0.380469 0.902344 0.018750 0.021484
0 0.660156 0.900391 0.009375 0.011719
0 0.963672 0.900391 0.010156 0.011719
0 0.817187 0.903809 0.012500 0.016602
0 0.103516 0.900879 0.007031 0.008789
0 0.546484 0.903809 0.008594 0.010742
0 0.182422 0.914062 0.014844 0.017578
0 0.823438 0.916016 0.014063 0.017578
0 0.993359 0.920898 0.011719 0.027344
0 0.664844 0.914062 0.009375 0.011719
0 0.393359 0.918457 0.013281 0.016602
0 0.075781 0.918945 0.009375 0.011719
0 0.537109 0.922852 0.011719 0.015625
0 0.718750 0.926270 0.017188 0.022461
0 0.907422 0.922852 0.013281 0.015625
0 0.743359 0.926758 0.010156 0.011719
0 0.517188 0.927246 0.007812 0.010742
0 0.112500 0.937988 0.006250 0.008789
0 0.372656 0.940430 0.009375 0.011719
0 0.017969 0.948242 0.014063 0.017578
0 0.264453 0.950684 0.010156 0.012695
0 0.464062 0.951172 0.007812 0.009766
0 0.868359 0.955566 0.010156 0.012695
0 0.778906 0.953613 0.006250 0.006836
0 0.707422 0.963379 0.014844 0.018555
0 0.501953 0.960449 0.008594 0.010742
0 0.410547 0.963379 0.010156 0.014648
0 0.371094 0.967285 0.014063 0.018555
0 0.203906 0.965820 0.006250 0.007812
0 0.734766 0.966797 0.007031 0.007812
0 0.763672 0.969727 0.008594 0.011719
0 0.573438 0.971680 0.010937 0.013672
0 0.265234 0.977051 0.013281 0.016602
0 0.558203 0.975586 0.008594 0.011719
0 0.664062 0.977539 0.007812 0.009766
0 0.523047 0.981445 0.010156 0.013672
0 0.685156 0.982910 0.010937 0.014648
0 0.714453 0.984863 0.011719 0.014648
0 0.210156 0.988281 0.009375 0.011719
0 0.351172 0.989746 0.011719 0.014648
0 0.290625 0.989258 0.007812 0.009766
0 0.378516 0.992188 0.008594 0.009766
0 0.621875 0.996094 0.010937 0.007812
0 0.687500 0.996094 0.006250 0.005859