0 0.224609 0.013672 0.011719 0.015625
0 0.692969 0.017578 0.009375 0.011719
0 0.128516 0.024414 0.011719 0.015625
0 0.858594 0.030762 0.018750 0.026367
0 0.265625 0.030762 0.017188 0.022461
0 0.557031 0.030762 0.010937 0.014648
0 0.625781 0.032227 0.012500 0.015625
0 0.004687 0.033691 0.009375 0.014648
0 0.510156 0.037109 0.012500 0.015625
0 0.787109 0.038086 0.014844 0.017578
0 0.539062 0.036133 0.009375 0.011719
0 0.125781 0.039062 0.010937 0.015625
0 0.064453 0.041016 0.014844 0.017578
0 0.113672 0.037598 0.008594 0.010742
0 0.449609 0.040039 0.011719 0.015625
0 0.596484 0.040527 0.013281 0.016602
0 0.655859 0.045410 0.017969 0.022461
0 0.492188 0.042969 0.010937 0.013672
0 0.640234 0.045410 0.013281 0.016602
0 0.248438 0.047363 0.010937 0.014648
0 0.900391 0.046875 0.008594 0.009766
0 0.623047 0.050781 0.008594 0.009766
0 0.949219 0.060059 0.012500 0.018555
0 0.361719 0.064453 0.014063 0.019531
0 0.633594 0.063965 0.015625 0.018555
0 0.514062 0.065918 0.009375 0.012695
0 0.612109 0.077637 0.016406 0.020508
0 0.452344 0.076660 0.010937 0.014648
0 0.356250 0.076660 0.009375 0.012695
0 0.244922 0.081055 0.010156 0.015625
0 0.085547 0.086914 0.010156 0.013672
0 0.271484 0.088379 0.010156 0.012695
0 0.440234 0.092285 0.010156 0.010742
0 0.669922 0.100098 0.013281 0.016602
0 0.428906 0.102051 0.007812 0.010742
0 0.523047 0.110352 0.016406 0.019531
0 0.609766 0.111328 0.010156 0.013672
0 0.689453 0.110352 0.008594 0.009766
0 0.208594 0.121582 0.018750 0.024414
0 0.324609 0.119629 0.013281 0.018555
0 0.856641 0.123535 0.013281 0.016602
0 0.495312 0.124023 0.012500 0.015625
0 0.139453 0.126953 0.011719 0.013672
0 0.727734 0.127441 0.008594 0.010742
0 0.443750 0.128418 0.009375 0.010742
0 0.150000 0.134277 0.010937 0.012695
0 0.370703 0.137695 0.010156 0.015625
0 0.044922 0.149414 0.016406 0.023438
0 0.377344 0.149902 0.012500 0.016602
0 0.750391 0.148926 0.011719 0.012695
0 0.275000 0.150879 0.010937 0.014648
0 0.151562 0.159180 0.018750 0.021484
0 0.630859 0.172363 0.016406 0.020508
0 0.080859 0.167969 0.005469 0.009766
0 0.062891 0.174805 0.010156 0.013672
0 0.236328 0.175781 0.010156 0.013672
0 0.802344 0.185547 0.023438 0.033203
0 0.994531 0.175781 0.007812 0.009766
0 0.606250 0.178223 0.010937 0.012695
0 0.390234 0.183594 0.007031 0.007812
0 0.158594 0.186035 0.007812 0.008789
0 0.579297 0.189941 0.010156 0.014648
0 0.871484 0.195312 0.013281 0.015625
0 0.526172 0.193848 0.010156 0.010742
0 0.201563 0.196289 0.007812 0.009766
0 0.408594 0.199219 0.012500 0.015625
0 0.443359 0.198730 0.011719 0.014648
0 0.745703 0.208008 0.014844 0.021484
0 0.167969 0.208008 0.014063 0.017578
0 0.599609 0.205566 0.010156 0.012695
0 0.900391 0.207031 0.013281 0.015625
0 0.669922 0.203613 0.005469 0.006836
0 0.271875 0.213867 0.012500 0.015625
0 0.935547 0.218262 0.010156 0.010742
0 0.993359 0.220215 0.011719 0.014648
0 0.223828 0.220215 0.010156 0.012695
0 0.534375 0.224609 0.010937 0.013672
0 0.218359 0.225586 0.008594 0.011719
0 0.123047 0.227051 0.010156 0.012695
0 0.673438 0.235352 0.014063 0.015625
0 0.343359 0.239746 0.011719 0.014648
0 0.782031 0.242676 0.014063 0.016602
0 0.468359 0.244141 0.008594 0.011719
0 0.710547 0.242188 0.007031 0.007812
0 0.622656 0.252441 0.015625 0.020508
0 0.646094 0.253906 0.014063 0.013672
0 0.771094 0.257324 0.012500 0.014648
0 0.403516 0.255859 0.010156 0.009766
0 0.009766 0.264648 0.016406 0.017578
0 0.423828 0.261230 0.008594 0.010742
0 0.844141 0.261719 0.010156 0.011719
0 0.996094 0.265625 0.007812 0.017578
0 0.691797 0.265137 0.010156 0.012695
0 0.116016 0.266113 0.010156 0.012695
0 0.642969 0.269531 0.012500 0.015625
0 0.737891 0.276367 0.013281 0.015625
0 0.466016 0.284180 0.010156 0.011719
0 0.432031 0.287598 0.007812 0.008789
0 0.735938 0.288574 0.009375 0.010742
0 0.166406 0.292969 0.009375 0.011719
0 0.327734 0.291992 0.007031 0.007812
0 0.251953 0.296875 0.010156 0.013672
0 0.343750 0.303223 0.014063 0.016602
0 0.527344 0.309082 0.007812 0.010742
0 0.478906 0.312988 0.012500 0.016602
0 0.441797 0.321777 0.008594 0.010742
0 0.287891 0.325684 0.010156 0.012695
0 0.115234 0.327148 0.011719 0.013672
0 0.646484 0.340820 0.013281 0.015625
0 0.078906 0.337891 0.006250 0.007812
0 0.866016 0.337402 0.005469 0.006836
0 0.590625 0.343750 0.007812 0.009766
0 0.212500 0.348633 0.009375 0.011719
0 0.316406 0.348633 0.007812 0.009766
0 0.536328 0.357910 0.011719 0.014648
0 0.996875 0.358398 0.006250 0.011719
0 0.857812 0.362793 0.014063 0.016602
0 0.327344 0.359375 0.006250 0.007812
0 0.261328 0.359863 0.005469 0.006836
0 0.014844 0.368652 0.009375 0.010742
0 0.525391 0.373535 0.010156 0.012695
0 0.584375 0.375000 0.012500 0.015625
0 0.258594 0.375488 0.010937 0.012695
0 0.362500 0.374512 0.009375 0.010742
0 0.630078 0.372070 0.005469 0.005859
0 0.430859 0.374512 0.007031 0.008789
0 0.899219 0.373535 0.006250 0.006836
0 0.915234 0.380859 0.013281 0.017578
0 0.445312 0.384766 0.020313 0.021484
0 0.766016 0.379395 0.008594 0.010742
0 0.278516 0.386719 0.019531 0.023438
0 0.473047 0.385742 0.010156 0.011719
0 0.932813 0.390137 0.015625 0.020508
0 0.376563 0.390625 0.009375 0.011719
0 0.540625 0.390625 0.009375 0.011719
0 0.338281 0.401367 0.020313 0.021484
0 0.397266 0.399902 0.008594 0.010742
0 0.117578 0.401855 0.007031 0.008789
0 0.717187 0.403809 0.007812 0.010742
0 0.572656 0.408203 0.014063 0.017578
0 0.319531 0.405762 0.009375 0.010742
0 0.541406 0.406738 0.007812 0.010742
0 0.587500 0.408203 0.009375 0.011719
0 0.209375 0.410156 0.009375 0.011719
0 0.082422 0.412598 0.008594 0.010742
0 0.339062 0.416992 0.009375 0.011719
0 0.397656 0.416992 0.009375 0.011719
0 0.064844 0.419922 0.009375 0.009766
0 0.865625 0.419434 0.007812 0.008789
0 0.072266 0.422363 0.007031 0.006836
0 0.266797 0.427246 0.011719 0.014648
0 0.803125 0.425293 0.006250 0.008789
0 0.677344 0.431641 0.010937 0.013672
0 0.258203 0.429199 0.007031 0.006836
0 0.695312 0.433105 0.012500 0.014648
0 0.976953 0.433105 0.013281 0.014648
0 0.586719 0.439941 0.017188 0.022461
0 0.111328 0.439453 0.014844 0.019531
0 0.328906 0.438965 0.012500 0.016602
0 0.500000 0.441406 0.012500 0.015625
0 0.482031 0.438965 0.007812 0.008789
0 0.148047 0.449219 0.011719 0.013672
0 0.454297 0.453613 0.010156 0.018555
0 0.569922 0.449219 0.008594 0.009766
0 0.192969 0.449707 0.006250 0.006836
0 0.429688 0.455078 0.010937 0.013672
0 0.136719 0.460938 0.012500 0.015625
0 0.153906 0.464355 0.010937 0.012695
0 0.982422 0.468262 0.014844 0.016602
0 0.633594 0.469238 0.010937 0.012695
0 0.192188 0.471191 0.007812 0.008789
0 0.172266 0.475098 0.008594 0.010742
0 0.869141 0.476562 0.011719 0.013672
0 0.994531 0.476562 0.010937 0.013672
0 0.464453 0.479492 0.013281 0.015625
0 0.164062 0.479492 0.010937 0.011719
0 0.539844 0.479492 0.007812 0.009766
0 0.529687 0.480469 0.007812 0.009766
0 0.825000 0.487305 0.014063 0.019531
0 0.045703 0.483398 0.008594 0.009766
0 0.371875 0.485352 0.010937 0.013672
0 0.242188 0.485352 0.009375 0.011719
0 0.194531 0.488770 0.010937 0.012695
0 0.615234 0.491699 0.010156 0.012695
0 0.413281 0.492188 0.009375 0.011719
0 0.130078 0.498047 0.017969 0.021484
0 0.584375 0.495117 0.010937 0.013672
0 0.306641 0.494629 0.010156 0.010742
0 0.337109 0.500977 0.013281 0.015625
0 0.834375 0.499023 0.009375 0.011719
0 0.355078 0.500977 0.007031 0.007812
0 0.611328 0.507324 0.010156 0.012695
0 0.396484 0.508789 0.008594 0.011719
0 0.418750 0.513184 0.009375 0.010742
0 0.375781 0.519043 0.009375 0.010742
0 0.970313 0.520508 0.014063 0.013672
0 0.371094 0.522461 0.007812 0.009766
0 0.473828 0.522949 0.008594 0.010742
0 0.532813 0.525879 0.015625 0.016602
0 0.228906 0.525391 0.012500 0.013672
0 0.751563 0.524414 0.009375 0.009766
0 0.123828 0.527344 0.008594 0.009766
0 0.404297 0.527344 0.007031 0.009766
0 0.280469 0.531250 0.006250 0.009766
0 0.395313 0.532715 0.006250 0.008789
0 0.136719 0.538574 0.012500 0.014648
0 0.227734 0.535645 0.008594 0.008789
0 0.384375 0.542969 0.007812 0.011719
0 0.391016 0.542480 0.005469 0.008789
0 0.294141 0.544434 0.010156 0.010742
0 0.926562 0.553711 0.012500 0.015625
0 0.980078 0.562500 0.017969 0.017578
0 0.955859 0.561035 0.011719 0.012695
0 0.403516 0.562500 0.010156 0.013672
0 0.696484 0.569336 0.016406 0.021484
0 0.476953 0.565918 0.008594 0.010742
0 0.354687 0.567383 0.009375 0.011719
0 0.664062 0.571777 0.010937 0.012695
0 0.404687 0.574219 0.007812 0.009766
0 0.011719 0.581055 0.012500 0.013672
0 0.241797 0.580078 0.010156 0.011719
0 0.103125 0.579590 0.007812 0.008789
0 0.467969 0.581055 0.009375 0.011719
0 0.188672 0.587402 0.011719 0.014648
0 0.093359 0.588867 0.013281 0.015625
0 0.433594 0.587402 0.006250 0.008789
0 0.390234 0.593750 0.008594 0.009766
0 0.064062 0.599121 0.012500 0.014648
0 0.549609 0.598633 0.010156 0.011719
0 0.513672 0.599121 0.008594 0.010742
0 0.329688 0.600586 0.009375 0.011719
0 0.792188 0.606445 0.007812 0.009766
0 0.105469 0.610840 0.009375 0.012695
0 0.704297 0.609863 0.008594 0.010742
0 0.293750 0.617188 0.014063 0.017578
0 0.171484 0.617676 0.011719 0.016602
0 0.339062 0.616211 0.009375 0.011719
0 0.971094 0.618164 0.009375 0.009766
0 0.397656 0.619141 0.006250 0.007812
0 0.411719 0.620117 0.007812 0.009766
0 0.866406 0.620117 0.007812 0.009766
0 0.649609 0.622559 0.008594 0.010742
0 0.933594 0.628418 0.012500 0.014648
0 0.969922 0.630371 0.021094 0.018555
0 0.127734 0.626465 0.007031 0.008789
0 0.011328 0.630371 0.007031 0.008789
0 0.154688 0.632324 0.009375 0.010742
0 0.174219 0.634277 0.010937 0.010742
0 0.662891 0.634277 0.008594 0.010742
0 0.087891 0.636230 0.008594 0.010742
0 0.597656 0.638184 0.009375 0.012695
0 0.896875 0.637695 0.007812 0.009766
0 0.569141 0.642090 0.008594 0.010742
0 0.667578 0.649414 0.019531 0.023438
0 0.539453 0.649902 0.016406 0.020508
0 0.898828 0.648926 0.011719 0.014648
0 0.419141 0.649902 0.007031 0.008789
0 0.218750 0.655762 0.007812 0.010742
0 0.003906 0.660156 0.006250 0.007812
0 0.121875 0.659668 0.006250 0.006836
0 0.336328 0.662598 0.008594 0.010742
0 0.353516 0.667480 0.014844 0.018555
0 0.558203 0.664551 0.008594 0.010742
0 0.289844 0.668457 0.012500 0.014648
0 0.525391 0.668945 0.011719 0.015625
0 0.189453 0.670410 0.013281 0.016602
0 0.207813 0.673828 0.007812 0.009766
0 0.172656 0.676758 0.007812 0.009766
0 0.463281 0.680664 0.009375 0.009766
0 0.595703 0.684082 0.007031 0.008789
0 0.097266 0.687500 0.010156 0.011719
0 0.493359 0.690918 0.008594 0.010742
0 0.601562 0.691406 0.009375 0.011719
0 0.614453 0.693848 0.011719 0.014648
0 0.312891 0.692383 0.008594 0.009766
0 0.179688 0.693848 0.007812 0.008789
0 0.513281 0.695312 0.009375 0.011719
0 0.026172 0.697266 0.010156 0.011719
0 0.045312 0.699707 0.004687 0.006836
0 0.501953 0.703613 0.010156 0.012695
0 0.251563 0.704590 0.009375 0.012695
0 0.280078 0.706055 0.013281 0.015625
0 0.611719 0.704590 0.006250 0.008789
0 0.945312 0.711426 0.017188 0.022461
0 0.657422 0.708496 0.010156 0.012695
0 0.211328 0.708984 0.008594 0.011719
0 0.369922 0.711426 0.010156 0.012695
0 0.033594 0.712891 0.006250 0.007812
0 0.006641 0.718262 0.010156 0.010742
0 0.206250 0.724609 0.014063 0.015625
0 0.326953 0.726562 0.008594 0.011719
0 0.266406 0.729004 0.010937 0.012695
0 0.549219 0.729004 0.007812 0.008789
0 0.851953 0.730469 0.008594 0.009766
0 0.901953 0.732422 0.011719 0.013672
0 0.499219 0.732910 0.007812 0.010742
0 0.342187 0.735352 0.009375 0.011719
0 0.484375 0.735352 0.007812 0.009766
0 0.805078 0.747559 0.013281 0.016602
0 0.440234 0.750977 0.016406 0.019531
0 0.993359 0.747559 0.011719 0.012695
0 0.977734 0.751465 0.011719 0.010742
0 0.620313 0.759277 0.012500 0.014648
0 0.478125 0.761719 0.009375 0.011719
0 0.117969 0.765137 0.012500 0.014648
0 0.157812 0.763672 0.009375 0.011719
0 0.244531 0.764160 0.007812 0.008789
0 0.308203 0.769531 0.014844 0.017578
0 0.823828 0.768066 0.010156 0.012695
0 0.458594 0.772461 0.010937 0.013672
0 0.668750 0.770996 0.009375 0.010742
0 0.548438 0.776367 0.010937 0.013672
0 0.420703 0.777832 0.011719 0.014648
0 0.240625 0.780273 0.014063 0.015625
0 0.390625 0.779297 0.007812 0.009766
0 0.828516 0.792480 0.013281 0.014648
0 0.035547 0.791016 0.007031 0.007812
0 0.764062 0.793457 0.010937 0.012695
0 0.297656 0.796387 0.012500 0.014648
0 0.488672 0.799316 0.010156 0.012695
0 0.956641 0.801758 0.013281 0.013672
0 0.804297 0.802734 0.010156 0.011719
0 0.083984 0.806641 0.010156 0.011719
0 0.219922 0.812988 0.011719 0.014648
0 0.279297 0.819824 0.005469 0.006836
0 0.859375 0.828125 0.015625 0.019531
0 0.096875 0.831055 0.012500 0.017578
0 0.400391 0.834961 0.017969 0.023438
0 0.230078 0.831543 0.010156 0.014648
0 0.298438 0.835449 0.010937 0.012695
0 0.594922 0.834473 0.008594 0.010742
0 0.446094 0.839844 0.010937 0.015625
0 0.497266 0.839844 0.011719 0.013672
0 0.582812 0.842773 0.007812 0.009766
0 0.678516 0.852051 0.011719 0.014648
0 0.153906 0.857422 0.017188 0.021484
0 0.554688 0.859863 0.015625 0.022461
0 0.198437 0.854980 0.007812 0.008789
0 0.330469 0.857910 0.009375 0.012695
0 0.416797 0.860840 0.010156 0.012695
0 0.614062 0.861328 0.006250 0.005859
0 0.584375 0.872559 0.015625 0.020508
0 0.730078 0.869141 0.005469 0.005859
0 0.833203 0.875000 0.011719 0.013672
0 0.196484 0.879883 0.010156 0.013672
0 0.524219 0.880371 0.009375 0.012695
0 0.617578 0.881348 0.010156 0.012695
0 0.407813 0.880859 0.007812 0.009766
0 0.723047 0.883301 0.011719 0.014648
0 0.448047 0.884766 0.011719 0.015625
0 0.253125 0.881348 0.006250 0.006836
0 0.379688 0.889160 0.010937 0.012695
0 0.303125 0.891113 0.007812 0.010742
0 0.096484 0.890625 0.007031 0.007812
0 0.130469 0.894531 0.010937 0.013672
0 0.316406 0.891602 0.006250 0.007812
0 0.398438 0.894531 0.010937 0.013672
0 0.463672 0.894531 0.010156 0.011719
0 0.173828 0.897461 0.010156 0.011719
0 0.491016 0.907715 0.010156 0.012695
0 0.422656 0.911133 0.010937 0.013672
0 0.476172 0.910156 0.008594 0.011719
0 0.125781 0.922363 0.018750 0.022461
0 0.438672 0.919922 0.008594 0.011719
0 0.648047 0.921387 0.010156 0.012695
0 0.657031 0.927246 0.014063 0.018555
0 0.753125 0.928223 0.006250 0.008789
0 0.770312 0.932129 0.014063 0.016602
0 0.318750 0.931152 0.006250 0.008789
0 0.085156 0.936035 0.012500 0.016602
0 0.425391 0.939941 0.014844 0.020508
0 0.718750 0.937500 0.012500 0.015625
0 0.245703 0.942871 0.010156 0.012695
0 0.253516 0.949219 0.016406 0.019531
0 0.276562 0.946289 0.010937 0.013672
0 0.490625 0.946777 0.009375 0.010742
0 0.458594 0.956543 0.014063 0.016602
0 0.378906 0.958008 0.012500 0.015625
0 0.435937 0.958984 0.010937 0.013672
0 0.599219 0.962891 0.017188 0.021484
0 0.327344 0.972656 0.009375 0.011719
0 0.659375 0.977051 0.014063 0.016602
0 0.543750 0.976074 0.006250 0.008789
0 0.561719 0.978516 0.010937 0.013672
0 0.182031 0.992188 0.010937 0.013672
0 0.285938 0.991211 0.009375 0.011719
0 0.484766 0.991211 0.008594 0.011719