0 0.130078 0.004395 0.013281 0.008789
0 0.545312 0.037598 0.068750 0.075195
0 0.273828 0.016113 0.013281 0.016602
0 0.219922 0.028320 0.024219 0.031250
0 0.387109 0.025391 0.014844 0.019531
0 0.722266 0.028320 0.013281 0.019531
0 0.295703 0.044434 0.041406 0.049805
0 0.789844 0.034180 0.015625 0.019531
0 0.869922 0.039062 0.014844 0.019531
0 0.614062 0.062012 0.029687 0.040039
0 0.215625 0.064941 0.015625 0.024414
0 0.286328 0.084473 0.032031 0.041992
0 0.166016 0.078613 0.011719 0.014648
0 0.855859 0.089844 0.010156 0.013672
0 0.609375 0.103027 0.026562 0.038086
0 0.148047 0.095703 0.014844 0.019531
0 0.852344 0.097168 0.009375 0.012695
0 0.908203 0.100098 0.016406 0.018555
0 0.859766 0.119629 0.014844 0.020508
0 0.746094 0.132324 0.012500 0.016602
0 0.404687 0.134277 0.014063 0.018555
0 0.781250 0.145020 0.015625 0.018555
0 0.485156 0.148926 0.015625 0.022461
0 0.400781 0.145996 0.010937 0.014648
0 0.270703 0.152832 0.014844 0.018555
0 0.787109 0.156250 0.019531 0.025391
0 0.308203 0.166016 0.014844 0.019531
0 0.463281 0.166504 0.010937 0.012695
0 0.728516 0.172363 0.013281 0.016602
0 0.739062 0.190430 0.029687 0.039062
0 0.400781 0.182129 0.009375 0.016602
0 0.217969 0.187988 0.012500 0.016602
0 0.781250 0.194336 0.012500 0.027344
0 0.002344 0.193848 0.004687 0.014648
0 0.931250 0.204102 0.021875 0.027344
0 0.550000 0.209473 0.014063 0.016602
0 0.026562 0.220215 0.017188 0.018555
0 0.926172 0.232422 0.028906 0.037109
0 0.735156 0.232910 0.025000 0.034180
0 0.221484 0.225098 0.008594 0.012695
0 0.035937 0.249512 0.045312 0.055664
0 0.217969 0.243164 0.017188 0.025391
0 0.279687 0.247070 0.012500 0.015625
0 0.625781 0.249023 0.015625 0.019531
0 0.503906 0.265625 0.035937 0.046875
0 0.921094 0.270020 0.023438 0.041992
0 0.389453 0.271973 0.008594 0.014648
0 0.869141 0.277344 0.017969 0.023438
0 0.414844 0.282227 0.012500 0.025391
0 0.816406 0.279297 0.010937 0.015625
0 0.031641 0.296875 0.038281 0.044922
0 0.210938 0.289551 0.012500 0.020508
0 0.495312 0.309570 0.035937 0.041016
0 0.058203 0.325684 0.021094 0.028320
0 0.863672 0.324707 0.010156 0.016602
0 0.397656 0.324707 0.010937 0.014648
0 0.651953 0.359375 0.044531 0.068359
0 0.538672 0.336426 0.011719 0.016602
0 0.535156 0.350098 0.010937 0.016602
0 0.006250 0.353516 0.012500 0.019531
0 0.715625 0.364258 0.012500 0.015625
0 0.054297 0.369629 0.017969 0.024414
0 0.976172 0.395508 0.047656 0.076172
0 0.200391 0.368652 0.013281 0.016602
0 0.587891 0.371582 0.013281 0.018555
0 0.674609 0.377930 0.021094 0.029297
0 0.917969 0.376953 0.015625 0.019531
0 0.449219 0.380859 0.015625 0.019531
0 0.289453 0.399902 0.039844 0.047852
0 0.935547 0.385742 0.014844 0.019531
0 0.534766 0.390625 0.010156 0.015625
0 0.459375 0.411621 0.015625 0.022461
0 0.642969 0.421875 0.020313 0.019531
0 0.670703 0.425781 0.017969 0.025391
0 0.057813 0.425293 0.014063 0.018555
0 0.878516 0.423828 0.008594 0.013672
0 0.357422 0.434082 0.013281 0.018555
0 0.913672 0.481445 0.085156 0.111328
0 0.284375 0.449707 0.037500 0.043945
0 0.973828 0.464844 0.052344 0.072266
0 0.498047 0.441895 0.014844 0.016602
0 0.118750 0.452637 0.010937 0.018555
0 0.453125 0.453125 0.009375 0.011719
0 0.817187 0.459961 0.012500 0.019531
0 0.630469 0.470703 0.010937 0.015625
0 0.167969 0.475586 0.015625 0.019531
0 0.235156 0.476074 0.012500 0.020508
0 0.097656 0.478027 0.014063 0.016602
0 0.350391 0.477539 0.011719 0.015625
0 0.835547 0.488770 0.024219 0.026367
0 0.448828 0.489746 0.017969 0.024414
0 0.781641 0.493652 0.022656 0.024414
0 0.678125 0.492188 0.012500 0.015625
0 0.327344 0.508301 0.028125 0.036133
0 0.685937 0.505371 0.026562 0.028320
0 0.110547 0.500488 0.010156 0.012695
0 0.524219 0.505371 0.012500 0.018555
0 0.835938 0.509766 0.014063 0.017578
0 0.976953 0.522949 0.041406 0.041992
0 0.814844 0.509277 0.006250 0.008789
0 0.231641 0.518555 0.011719 0.015625
0 0.535937 0.522949 0.015625 0.018555
0 0.596484 0.525879 0.014844 0.018555
0 0.828906 0.537598 0.021875 0.026367
0 0.907813 0.553223 0.073438 0.053711
0 0.443359 0.535645 0.013281 0.016602
0 0.773047 0.536621 0.014844 0.018555
0 0.142187 0.535645 0.015625 0.014648
0 0.322656 0.552734 0.025000 0.029297
0 0.395703 0.551758 0.016406 0.023438
0 0.699219 0.558594 0.023438 0.035156
0 0.155469 0.557129 0.021875 0.030273
0 0.491797 0.559082 0.017969 0.024414
0 0.832812 0.556152 0.012500 0.016602
0 0.117969 0.558105 0.012500 0.016602
0 0.592187 0.566895 0.012500 0.016602
0 0.325391 0.576660 0.014844 0.020508
0 0.190234 0.584961 0.014844 0.019531
0 0.097266 0.585938 0.016406 0.019531
0 0.394141 0.598145 0.016406 0.022461
0 0.151953 0.603516 0.017969 0.023438
0 0.694922 0.607422 0.021094 0.029297
0 0.321094 0.620605 0.012500 0.018555
0 0.762891 0.625000 0.011719 0.015625
0 0.094141 0.648926 0.052344 0.061523
0 0.425391 0.626465 0.013281 0.016602
0 0.440234 0.636719 0.008594 0.011719
0 0.369922 0.644531 0.013281 0.015625
0 0.936328 0.645020 0.013281 0.016602
0 0.792188 0.650391 0.014063 0.017578
0 0.690234 0.661133 0.013281 0.017578
0 0.927734 0.670898 0.013281 0.017578
0 0.379688 0.672363 0.014063 0.016602
0 0.671875 0.679199 0.015625 0.028320
0 0.087891 0.699707 0.046094 0.051758
0 0.582422 0.687012 0.014844 0.018555
0 0.274219 0.688477 0.015625 0.019531
0 0.361719 0.688965 0.010937 0.014648
0 0.496875 0.690918 0.015625 0.018555
0 0.054688 0.702148 0.015625 0.021484
0 0.279687 0.707031 0.025000 0.031250
0 0.987109 0.705078 0.014844 0.023438
0 0.127344 0.709961 0.014063 0.019531
0 0.424219 0.726562 0.029687 0.044922
0 0.884766 0.715332 0.017969 0.022461
0 0.374219 0.716797 0.010937 0.015625
0 0.208594 0.722168 0.015625 0.018555
0 0.666797 0.725098 0.013281 0.018555
0 0.756641 0.726074 0.013281 0.016602
0 0.268750 0.734375 0.014063 0.019531
0 0.632812 0.740723 0.018750 0.028320
0 0.828516 0.737793 0.014844 0.018555
0 0.575781 0.739258 0.012500 0.015625
0 0.958203 0.748535 0.014844 0.028320
0 0.049609 0.744629 0.014844 0.018555
0 0.274219 0.753418 0.023438 0.028320
0 0.361328 0.763184 0.033594 0.041992
0 0.979297 0.757812 0.011719 0.015625
0 0.528906 0.768555 0.026562 0.035156
0 0.126172 0.773926 0.039844 0.043945
0 0.690234 0.760254 0.014844 0.016602
0 0.392969 0.764160 0.014063 0.020508
0 0.419141 0.774902 0.027344 0.041992
0 0.875391 0.763184 0.011719 0.016602
0 0.323047 0.773926 0.016406 0.018555
0 0.507812 0.787598 0.035937 0.045898
0 0.938281 0.773926 0.015625 0.018555
0 0.243359 0.775879 0.014844 0.018555
0 0.627344 0.782715 0.017188 0.030273
0 0.045312 0.782227 0.017188 0.025391
0 0.306641 0.783203 0.011719 0.017578
0 0.851172 0.790039 0.010156 0.019531
0 0.956641 0.799316 0.014844 0.018555
0 0.355859 0.810547 0.030469 0.039062
0 0.121875 0.821289 0.037500 0.039062
0 0.523438 0.816406 0.023438 0.029297
0 0.389062 0.813477 0.012500 0.017578
0 0.624219 0.819336 0.012500 0.017578
0 0.502344 0.836426 0.034375 0.045898
0 0.560156 0.820801 0.012500 0.014648
0 0.087109 0.827148 0.010156 0.013672
0 0.037500 0.829102 0.012500 0.015625
0 0.542578 0.859863 0.033594 0.045898
0 0.827734 0.854980 0.024219 0.032227
0 0.074609 0.854980 0.017969 0.022461
0 0.348438 0.854004 0.009375 0.012695
0 0.626172 0.862793 0.014844 0.022461
0 0.941406 0.865723 0.014063 0.018555
0 0.982812 0.868652 0.014063 0.018555
0 0.244531 0.930664 0.101562 0.132812
0 0.717969 0.891602 0.034375 0.052734
0 0.806641 0.873047 0.011719 0.015625
0 0.122266 0.884277 0.017969 0.024414
0 0.579297 0.892090 0.019531 0.034180
0 0.075781 0.894043 0.015625 0.020508
0 0.538281 0.908203 0.032813 0.044922
0 0.822266 0.900879 0.021094 0.028320
0 0.499219 0.899414 0.012500 0.023438
0 0.355859 0.901367 0.017969 0.025391
0 0.728125 0.902344 0.015625 0.021484
0 0.744141 0.899902 0.008594 0.014648
0 0.697656 0.913086 0.018750 0.021484
0 0.618359 0.915039 0.013281 0.017578
0 0.339844 0.927246 0.017188 0.026367
0 0.719141 0.928223 0.022656 0.028320
0 0.847266 0.924316 0.014844 0.018555
0 0.569922 0.942871 0.036719 0.049805
0 0.698828 0.932129 0.017969 0.026367
0 0.119141 0.930664 0.016406 0.021484
0 0.416406 0.942383 0.028125 0.037109
0 0.962891 0.935547 0.013281 0.017578
0 0.924609 0.939941 0.014844 0.018555
0 0.788672 0.942871 0.013281 0.016602
0 0.353906 0.946777 0.017188 0.022461
0 0.707422 0.950684 0.021094 0.030273
0 0.723828 0.948730 0.014844 0.020508
0 0.180859 0.949219 0.013281 0.019531
0 0.492969 0.950684 0.012500 0.018555
0 0.028906 0.971680 0.046875 0.056641
0 0.761719 0.958008 0.014063 0.019531
0 0.693359 0.959961 0.017969 0.021484
0 0.805078 0.963867 0.013281 0.025391
0 0.334375 0.970703 0.014063 0.019531
0 0.565625 0.982422 0.035937 0.035156
0 0.692187 0.979004 0.015625 0.018555
0 0.410938 0.985352 0.026562 0.029297
0 0.475391 0.981934 0.013281 0.018555
0 0.847656 0.984375 0.010937 0.013672
0 0.175391 0.995117 0.010156 0.009766
0 0.847266 0.997070 0.014844 0.005859