0 0.032422 0.006348 0.019531 0.012695
0 0.251172 0.014160 0.017969 0.028320
0 0.259375 0.006836 0.021875 0.013672
0 0.680859 0.006836 0.035156 0.013672
0 0.810156 0.004395 0.017188 0.008789
0 0.819531 0.009277 0.014063 0.018555
0 0.837891 0.011230 0.024219 0.022461
0 0.869922 0.012695 0.024219 0.025391
0 0.100000 0.005371 0.010937 0.008789
0 0.234766 0.017090 0.024219 0.032227
0 0.427344 0.013672 0.017188 0.023438
0 0.442578 0.013184 0.013281 0.022461
0 0.596875 0.023926 0.026562 0.032227
0 0.679297 0.045898 0.055469 0.070312
0 0.773047 0.024414 0.019531 0.025391
0 0.938281 0.020996 0.015625 0.018555
0 0.306641 0.027344 0.019531 0.025391
0 0.366406 0.035156 0.021875 0.029297
0 0.267578 0.041016 0.021094 0.029297
0 0.869531 0.043945 0.020313 0.027344
0 0.608594 0.045898 0.020313 0.025391
0 0.203516 0.055664 0.030469 0.039062
0 0.323828 0.050293 0.016406 0.022461
0 0.565625 0.052734 0.015625 0.023438
0 0.387500 0.054199 0.014063 0.020508
0 0.429688 0.054199 0.014063 0.020508
0 0.879297 0.054688 0.016406 0.021484
0 0.951953 0.052246 0.014844 0.016602
0 0.231641 0.057129 0.014844 0.024414
0 0.793359 0.058594 0.019531 0.025391
0 0.334766 0.054199 0.010156 0.014648
0 0.594141 0.071777 0.039844 0.049805
0 0.049609 0.071289 0.035156 0.042969
0 0.263672 0.062500 0.017969 0.021484
0 0.868359 0.070801 0.027344 0.032227
0 0.319141 0.066895 0.014844 0.018555
0 0.959766 0.068359 0.014844 0.017578
0 0.122266 0.072754 0.014844 0.016602
0 0.330078 0.088379 0.032031 0.040039
0 0.669922 0.085449 0.028906 0.034180
0 0.312500 0.077148 0.012500 0.015625
0 0.522266 0.078125 0.011719 0.015625
0 0.037500 0.088867 0.018750 0.029297
0 0.616406 0.096680 0.026562 0.033203
0 0.993359 0.093262 0.013281 0.024414
0 0.371094 0.093750 0.014063 0.019531
0 0.500781 0.098633 0.017188 0.019531
0 0.050391 0.097168 0.010156 0.012695
0 0.018750 0.102051 0.015625 0.018555
0 0.591016 0.125977 0.053906 0.066406
0 0.755078 0.106445 0.019531 0.025391
0 0.655078 0.134277 0.042969 0.053711
0 0.423047 0.137207 0.014844 0.018555
0 0.396875 0.142090 0.020313 0.026367
0 0.563281 0.144043 0.018750 0.024414
0 0.072266 0.166016 0.014844 0.029297
0 0.392578 0.158203 0.011719 0.013672
0 0.546094 0.165527 0.010937 0.016602
0 0.648438 0.176270 0.029687 0.036133
0 0.223047 0.172852 0.014844 0.023438
0 0.307812 0.170898 0.014063 0.017578
0 0.802734 0.172852 0.017969 0.021484
0 0.013281 0.182129 0.026562 0.038086
0 0.231641 0.178223 0.014844 0.022461
0 0.783203 0.261230 0.138281 0.174805
0 0.505078 0.191895 0.014844 0.020508
0 0.153516 0.195312 0.014844 0.023438
0 0.871875 0.197754 0.015625 0.016602
0 0.539062 0.198730 0.012500 0.016602
0 0.215234 0.199707 0.014844 0.014648
0 0.936719 0.291504 0.126562 0.198242
0 0.016797 0.205566 0.014844 0.016602
0 0.433594 0.212402 0.014063 0.018555
0 0.870703 0.212891 0.014844 0.017578
0 0.279687 0.228516 0.018750 0.025391
0 0.715625 0.241211 0.028125 0.046875
0 0.294922 0.228516 0.013281 0.017578
0 0.200391 0.232422 0.014844 0.017578
0 0.154297 0.244141 0.019531 0.027344
0 0.114844 0.238770 0.017188 0.014648
0 0.066797 0.245117 0.013281 0.021484
0 0.053125 0.249023 0.018750 0.027344
0 0.097266 0.260254 0.016406 0.018555
0 0.073047 0.260742 0.010156 0.013672
0 0.114844 0.268555 0.021875 0.029297
0 0.516406 0.274414 0.017188 0.023438
0 0.498437 0.285645 0.028125 0.036133
0 0.097266 0.281738 0.022656 0.026367
0 0.530859 0.283203 0.016406 0.023438
0 0.377734 0.285645 0.019531 0.024414
0 0.479687 0.281738 0.014063 0.016602
0 0.304688 0.287598 0.012500 0.020508
0 0.285156 0.287109 0.007812 0.009766
0 0.430859 0.298828 0.022656 0.029297
0 0.519531 0.295410 0.020313 0.022461
0 0.216016 0.332031 0.017969 0.083984
0 0.333594 0.302734 0.020313 0.021484
0 0.347656 0.302734 0.014063 0.019531
0 0.201563 0.304199 0.010937 0.016602
0 0.565625 0.307129 0.017188 0.016602
0 0.523047 0.310547 0.014844 0.019531
0 0.735156 0.329590 0.042188 0.053711
0 0.337500 0.316406 0.020313 0.021484
0 0.565234 0.324219 0.017969 0.017578
0 0.836328 0.338379 0.022656 0.028320
0 0.066016 0.335938 0.013281 0.015625
0 0.021875 0.342285 0.010937 0.014648
0 0.071484 0.345215 0.013281 0.018555
0 0.200391 0.358887 0.021094 0.030273
0 0.069922 0.362793 0.014844 0.018555
0 0.928906 0.379883 0.046875 0.052734
0 0.012500 0.379883 0.014063 0.017578
0 0.362109 0.400391 0.036719 0.048828
0 0.782813 0.400879 0.035937 0.043945
0 0.273828 0.395508 0.022656 0.027344
0 0.509766 0.392578 0.017969 0.021484
0 0.215625 0.412109 0.032813 0.042969
0 0.339844 0.403320 0.015625 0.021484
0 0.098047 0.403320 0.014844 0.019531
0 0.634375 0.425781 0.048438 0.060547
0 0.178906 0.427734 0.050000 0.062500
0 0.512109 0.411621 0.019531 0.022461
0 0.328516 0.430176 0.042969 0.055664
0 0.658203 0.410156 0.010156 0.013672
0 0.045312 0.426270 0.029687 0.032227
0 0.282813 0.430176 0.031250 0.040039
0 0.352344 0.422363 0.017188 0.022461
0 0.562500 0.426758 0.014063 0.015625
0 0.575000 0.430664 0.015625 0.019531
0 0.603516 0.435059 0.016406 0.018555
0 0.563672 0.445801 0.024219 0.026367
0 0.302734 0.451172 0.024219 0.029297
0 0.608984 0.451660 0.024219 0.030273
0 0.446094 0.451172 0.023438 0.019531
0 0.277344 0.452148 0.014063 0.013672
0 0.164453 0.456055 0.013281 0.015625
0 0.692969 0.469238 0.029687 0.036133
0 0.441016 0.463867 0.019531 0.023438
0 0.673047 0.472168 0.013281 0.012695
0 0.934375 0.482422 0.014063 0.017578
0 0.671875 0.500977 0.040625 0.050781
0 0.705859 0.485352 0.016406 0.019531
0 0.836719 0.490723 0.017188 0.022461
0 0.576562 0.489746 0.015625 0.016602
0 0.826172 0.492676 0.016406 0.022461
0 0.718359 0.500977 0.027344 0.035156
0 0.806250 0.503418 0.015625 0.018555
0 0.822656 0.505371 0.018750 0.022461
0 0.733984 0.512207 0.016406 0.020508
0 0.725391 0.521484 0.016406 0.019531
0 0.972656 0.524414 0.014063 0.017578
0 0.582422 0.537598 0.030469 0.038086
0 0.563672 0.533203 0.013281 0.017578
0 0.390625 0.537598 0.012500 0.014648
0 0.500000 0.546387 0.015625 0.018555
0 0.977734 0.560547 0.032031 0.044922
0 0.400391 0.545898 0.010156 0.013672
0 0.512891 0.547852 0.013281 0.015625
0 0.620313 0.566895 0.026562 0.038086
0 0.576172 0.557617 0.014844 0.017578
0 0.814844 0.560059 0.015625 0.018555
0 0.503125 0.559570 0.012500 0.015625
0 0.516016 0.561035 0.014844 0.018555
0 0.652734 0.593750 0.067969 0.082031
0 0.093750 0.567383 0.018750 0.023438
0 0.805859 0.569336 0.017969 0.019531
0 0.248828 0.569824 0.019531 0.018555
0 0.742188 0.568359 0.012500 0.013672
0 0.280859 0.578613 0.017969 0.024414
0 0.316406 0.573730 0.012500 0.014648
0 0.994531 0.573242 0.010937 0.011719
0 0.264453 0.580566 0.016406 0.022461
0 0.474609 0.580078 0.013281 0.017578
0 0.336719 0.614746 0.070312 0.084961
0 0.457813 0.583008 0.014063 0.017578
0 0.439844 0.601562 0.039062 0.048828
0 0.992578 0.589844 0.014844 0.025391
0 0.245312 0.604492 0.042188 0.052734
0 0.804688 0.600586 0.035937 0.044922
0 0.220703 0.599121 0.013281 0.024414
0 0.275781 0.603027 0.020313 0.028320
0 0.373047 0.598145 0.011719 0.016602
0 0.829297 0.614746 0.021094 0.022461
0 0.081250 0.613770 0.006250 0.008789
0 0.416797 0.625000 0.021094 0.027344
0 0.814844 0.621094 0.014063 0.017578
0 0.018359 0.630859 0.022656 0.029297
0 0.432812 0.628906 0.015625 0.017578
0 0.798047 0.631836 0.021094 0.023438
0 0.823047 0.637695 0.021094 0.023438
0 0.763281 0.652344 0.023438 0.021484
0 0.251172 0.677734 0.022656 0.029297
0 0.404297 0.673828 0.013281 0.015625
0 0.062109 0.692383 0.017969 0.027344
0 0.185938 0.687012 0.017188 0.016602
0 0.539844 0.708496 0.031250 0.040039
0 0.491016 0.704590 0.019531 0.024414
0 0.775781 0.704590 0.014063 0.018555
0 0.366406 0.708984 0.020313 0.021484
0 0.699219 0.715820 0.015625 0.023438
0 0.943359 0.715820 0.013281 0.011719
0 0.303906 0.725586 0.020313 0.023438
0 0.316797 0.731934 0.024219 0.032227
0 0.201563 0.732910 0.026562 0.032227
0 0.944531 0.725098 0.014063 0.012695
0 0.774219 0.736816 0.021875 0.026367
0 0.066016 0.735352 0.011719 0.017578
0 0.183203 0.734375 0.011719 0.015625
0 0.538281 0.740234 0.026562 0.027344
0 0.954297 0.735840 0.010156 0.016602
0 0.785937 0.742676 0.023438 0.024414
0 0.943750 0.737305 0.012500 0.013672
0 0.150000 0.747559 0.021875 0.024414
0 0.937500 0.744141 0.009375 0.011719
0 0.961328 0.748047 0.016406 0.019531
0 0.675781 0.762695 0.037500 0.046875
0 0.930859 0.750977 0.013281 0.017578
0 0.944531 0.754883 0.015625 0.015625
0 0.937500 0.763672 0.015625 0.017578
0 0.542188 0.770508 0.015625 0.019531
0 0.894531 0.769531 0.009375 0.009766
0 0.923438 0.781738 0.023438 0.028320
0 0.457031 0.782227 0.015625 0.019531
0 0.906250 0.780762 0.012500 0.016602
0 0.895703 0.782715 0.013281 0.018555
0 0.641016 0.814941 0.064844 0.081055
0 0.477734 0.783203 0.014844 0.015625
0 0.886719 0.782715 0.012500 0.014648
0 0.942969 0.784668 0.012500 0.014648
0 0.465625 0.799316 0.026562 0.032227
0 0.482422 0.795898 0.016406 0.021484
0 0.885938 0.798828 0.012500 0.021484
0 0.906641 0.803223 0.022656 0.028320
0 0.069531 0.816406 0.025000 0.033203
0 0.571484 0.808105 0.014844 0.016602
0 0.364453 0.807617 0.010156 0.011719
0 0.452344 0.819336 0.020313 0.027344
0 0.053906 0.816895 0.014063 0.020508
0 0.559375 0.819824 0.017188 0.022461
0 0.182812 0.820801 0.014063 0.016602
0 0.574219 0.824219 0.014063 0.019531
0 0.083984 0.831543 0.019531 0.022461
0 0.567578 0.831055 0.016406 0.019531
0 0.098437 0.833008 0.014063 0.021484
0 0.255469 0.834961 0.017188 0.025391
0 0.745313 0.832520 0.012500 0.016602
0 0.179297 0.843750 0.030469 0.035156
0 0.557031 0.845703 0.012500 0.015625
0 0.216797 0.857910 0.016406 0.024414
0 0.654687 0.856934 0.017188 0.018555
0 0.180859 0.871582 0.024219 0.028320
0 0.019531 0.895020 0.032813 0.043945
0 0.222656 0.884277 0.021875 0.020508
0 0.823438 0.913574 0.020313 0.024414
0 0.845313 0.932129 0.043750 0.061523
0 0.472656 0.911621 0.015625 0.012695
0 0.619922 0.920410 0.017969 0.024414
0 0.233984 0.920898 0.014844 0.021484
0 0.495312 0.919434 0.017188 0.018555
0 0.484375 0.926758 0.018750 0.025391
0 0.155078 0.924316 0.014844 0.018555
0 0.747656 0.933594 0.025000 0.025391
0 0.109766 0.942383 0.024219 0.033203
0 0.593359 0.932129 0.008594 0.010742
0 0.361328 0.956543 0.038281 0.047852
0 0.275000 0.953125 0.014063 0.015625
0 0.282422 0.977539 0.036719 0.044922
0 0.599219 0.974121 0.023438 0.022461
0 0.638672 0.982910 0.033594 0.034180
0 0.933984 0.984375 0.064844 0.031250
0 0.600781 0.988770 0.018750 0.020508
0 0.614844 0.989746 0.020313 0.020508
0 0.213281 0.990234 0.017188 0.019531
0 0.310156 0.990723 0.021875 0.018555
0 0.195312 0.993164 0.023438 0.013672