0 0.273047 0.013672 0.061719 0.027344
0 0.003125 0.010254 0.006250 0.012695
0 0.642969 0.020020 0.018750 0.026367
0 0.727734 0.025391 0.027344 0.031250
0 0.938672 0.020996 0.014844 0.018555
0 0.237109 0.028320 0.022656 0.025391
0 0.123828 0.035645 0.014844 0.018555
0 0.552734 0.041016 0.022656 0.027344
0 0.345703 0.045898 0.016406 0.023438
0 0.727734 0.049316 0.014844 0.020508
0 0.387500 0.055176 0.015625 0.022461
0 0.734766 0.062988 0.022656 0.026367
0 0.547656 0.065918 0.025000 0.030273
0 0.717969 0.069336 0.017188 0.023438
0 0.960156 0.067871 0.015625 0.018555
0 0.278125 0.074219 0.014063 0.023438
0 0.996484 0.078613 0.007031 0.014648
0 0.905078 0.083984 0.016406 0.017578
0 0.988672 0.108887 0.022656 0.047852
0 0.303125 0.116699 0.045312 0.057617
0 0.417578 0.107910 0.017969 0.026367
0 0.870313 0.111328 0.014063 0.025391
0 0.763672 0.110840 0.011719 0.016602
0 0.367188 0.115234 0.015625 0.019531
0 0.918359 0.121582 0.024219 0.032227
0 0.069531 0.130371 0.034375 0.043945
0 0.905469 0.137695 0.026562 0.033203
0 0.767188 0.139160 0.017188 0.024414
0 0.616406 0.151367 0.026562 0.033203
0 0.086328 0.162109 0.027344 0.039062
0 0.354297 0.153320 0.017969 0.021484
0 0.551172 0.165527 0.017969 0.024414
0 0.798438 0.165039 0.015625 0.017578
0 0.307812 0.171387 0.014063 0.018555
0 0.652734 0.205078 0.025781 0.033203
0 0.039844 0.203125 0.015625 0.017578
0 0.026953 0.206055 0.013281 0.021484
0 0.003906 0.208496 0.007812 0.012695
0 0.047656 0.216309 0.014063 0.022461
0 0.032813 0.217285 0.017188 0.018555
0 0.364063 0.246582 0.053125 0.067383
0 0.979688 0.229492 0.015625 0.019531
0 0.269531 0.240723 0.020313 0.028320
0 0.996484 0.239258 0.007031 0.021484
0 0.560937 0.257324 0.040625 0.049805
0 0.456250 0.277832 0.062500 0.081055
0 0.812109 0.268555 0.025781 0.046875
0 0.878125 0.264160 0.018750 0.034180
0 0.096094 0.258789 0.015625 0.019531
0 0.917969 0.260742 0.015625 0.019531
0 0.522656 0.318359 0.104688 0.130859
0 0.344141 0.277344 0.022656 0.025391
0 0.675781 0.282227 0.021875 0.025391
0 0.731641 0.285645 0.022656 0.028320
0 0.014844 0.289551 0.018750 0.024414
0 0.214844 0.299805 0.012500 0.021484
0 0.316016 0.298828 0.017969 0.019531
0 0.407813 0.303223 0.020313 0.026367
0 0.287109 0.305664 0.017969 0.021484
0 0.193359 0.341797 0.067969 0.085938
0 0.313672 0.312012 0.017969 0.020508
0 0.368359 0.319336 0.027344 0.035156
0 0.656641 0.312012 0.014844 0.018555
0 0.297266 0.315918 0.019531 0.022461
0 0.104688 0.324707 0.017188 0.020508
0 0.970703 0.326660 0.017969 0.024414
0 0.659375 0.333008 0.029687 0.033203
0 0.149219 0.359863 0.018750 0.024414
0 0.870313 0.405762 0.089063 0.110352
0 0.568359 0.371582 0.028906 0.038086
0 0.701562 0.367188 0.023438 0.027344
0 0.587500 0.371582 0.015625 0.026367
0 0.274219 0.377441 0.017188 0.016602
0 0.448437 0.384766 0.015625 0.019531
0 0.067969 0.392578 0.029687 0.029297
0 0.935156 0.390137 0.015625 0.020508
0 0.269922 0.391113 0.014844 0.020508
0 0.791016 0.389648 0.013281 0.017578
0 0.191016 0.397461 0.019531 0.027344
0 0.291406 0.394043 0.014063 0.018555
0 0.207813 0.396484 0.014063 0.017578
0 0.097656 0.403320 0.014063 0.017578
0 0.509375 0.410156 0.029687 0.029297
0 0.276562 0.407715 0.021875 0.022461
0 0.203516 0.413574 0.021094 0.024414
0 0.423828 0.418457 0.021094 0.024414
0 0.112109 0.423340 0.025781 0.028320
0 0.492969 0.428223 0.020313 0.018555
0 0.125391 0.432129 0.013281 0.018555
0 0.483594 0.444824 0.015625 0.026367
0 0.497266 0.447266 0.013281 0.027344
0 0.116406 0.458496 0.035937 0.045898
0 0.508203 0.449707 0.016406 0.028320
0 0.520703 0.447266 0.014844 0.019531
0 0.815234 0.462402 0.032031 0.040039
0 0.351953 0.459473 0.016406 0.024414
0 0.732422 0.459961 0.021094 0.025391
0 0.335547 0.458984 0.016406 0.021484
0 0.983203 0.465820 0.021094 0.023438
0 0.649219 0.473633 0.018750 0.025391
0 0.762500 0.485352 0.034375 0.042969
0 0.934375 0.481934 0.015625 0.020508
0 0.287891 0.491211 0.016406 0.021484
0 0.972266 0.498047 0.027344 0.033203
0 0.417969 0.509766 0.032813 0.041016
0 0.050000 0.523926 0.018750 0.022461
0 0.972266 0.524902 0.016406 0.020508
0 0.678906 0.543945 0.017188 0.019531
0 0.149219 0.546875 0.018750 0.023438
0 0.633203 0.546387 0.016406 0.018555
0 0.386719 0.559570 0.021875 0.031250
0 0.008203 0.560059 0.016406 0.028320
0 0.629297 0.557617 0.014844 0.017578
0 0.607812 0.561035 0.014063 0.020508
0 0.498828 0.567871 0.021094 0.028320
0 0.873828 0.579102 0.025781 0.041016
0 0.677344 0.570312 0.018750 0.021484
0 0.175391 0.573730 0.016406 0.026367
0 0.187500 0.577148 0.023438 0.031250
0 0.251953 0.594727 0.042969 0.054688
0 0.474219 0.580078 0.015625 0.019531
0 0.350391 0.585938 0.022656 0.027344
0 0.582812 0.588379 0.010937 0.014648
0 0.018750 0.600098 0.025000 0.034180
0 0.319141 0.597656 0.022656 0.029297
0 0.948047 0.607422 0.019531 0.025391
0 0.442969 0.614258 0.020313 0.025391
0 0.423438 0.619629 0.020313 0.026367
0 0.426172 0.644043 0.019531 0.026367
0 0.967969 0.651367 0.021875 0.027344
0 0.659375 0.650391 0.017188 0.023438
0 0.790625 0.660645 0.032813 0.040039
0 0.236328 0.666504 0.022656 0.030273
0 0.383984 0.675293 0.021094 0.032227
0 0.366016 0.674805 0.016406 0.023438
0 0.102734 0.672363 0.011719 0.016602
0 0.916016 0.675781 0.016406 0.015625
0 0.260156 0.678223 0.017188 0.016602
0 0.460547 0.685059 0.021094 0.018555
0 0.916797 0.691406 0.019531 0.019531
0 0.856250 0.699707 0.026562 0.032227
0 0.260937 0.694824 0.018750 0.020508
0 0.078516 0.729980 0.071094 0.086914
0 0.456641 0.721680 0.047656 0.060547
0 0.775781 0.705078 0.014063 0.019531
0 0.694531 0.743164 0.078125 0.093750
0 0.534766 0.724121 0.021094 0.038086
0 0.294141 0.719727 0.022656 0.027344
0 0.485156 0.720703 0.014063 0.021484
0 0.594922 0.738770 0.022656 0.041992
0 0.653125 0.726562 0.014063 0.017578
0 0.175781 0.743652 0.032813 0.040039
0 0.950391 0.750488 0.035156 0.043945
0 0.572266 0.762207 0.053906 0.065430
0 0.759766 0.752441 0.032031 0.040039
0 0.837500 0.780273 0.057813 0.072266
0 0.804297 0.767090 0.019531 0.030273
0 0.976172 0.786133 0.047656 0.062500
0 0.772656 0.775879 0.014063 0.018555
0 0.257422 0.783691 0.019531 0.026367
0 0.482812 0.792969 0.021875 0.029297
0 0.556641 0.789062 0.016406 0.019531
0 0.018750 0.793457 0.021875 0.022461
0 0.751953 0.812500 0.019531 0.025391
0 0.219531 0.813477 0.023438 0.025391
0 0.353516 0.815430 0.021094 0.023438
0 0.044922 0.844238 0.036719 0.051758
0 0.350781 0.839844 0.037500 0.042969
0 0.553906 0.828613 0.015625 0.016602
0 0.648828 0.837402 0.021094 0.028320
0 0.556641 0.844238 0.014844 0.020508
0 0.264062 0.855469 0.017188 0.025391
0 0.307422 0.874023 0.024219 0.031250
0 0.375391 0.877930 0.022656 0.027344
0 0.532422 0.885254 0.028906 0.041992
0 0.551562 0.887695 0.015625 0.035156
0 0.298828 0.886719 0.021094 0.031250
0 0.280078 0.889160 0.021094 0.030273
0 0.387109 0.891602 0.027344 0.031250
0 0.636719 0.907227 0.034375 0.044922
0 0.669531 0.920410 0.040625 0.049805
0 0.829688 0.913574 0.021875 0.028320
0 0.888281 0.909668 0.018750 0.018555
0 0.726562 0.921387 0.021875 0.026367
0 0.155078 0.923828 0.016406 0.019531
0 0.612500 0.924805 0.010937 0.013672
0 0.846094 0.928223 0.017188 0.020508
0 0.630078 0.939941 0.027344 0.030273
0 0.942187 0.941406 0.021875 0.027344
0 0.801172 0.942383 0.021094 0.025391
0 0.869531 0.951660 0.020313 0.028320
0 0.250000 0.968750 0.037500 0.048828
0 0.315234 0.958984 0.014844 0.019531
0 0.662109 0.963867 0.008594 0.011719
0 0.281641 0.970703 0.021094 0.023438
0 0.900781 0.980469 0.020313 0.029297
0 0.538672 0.981445 0.019531 0.029297
0 0.672656 0.987305 0.018750 0.025391
0 0.151953 0.990234 0.019531 0.019531
0 0.454688 0.989258 0.012500 0.015625