0 0.150781 0.003418 0.025000 0.006836
0 0.355859 0.004883 0.014844 0.009766
0 0.530078 0.023926 0.041406 0.047852
0 0.339844 0.018555 0.029687 0.035156
0 0.705859 0.020996 0.014844 0.020508
0 0.273047 0.021484 0.014844 0.019531
0 0.938672 0.020996 0.014844 0.018555
0 0.370312 0.061523 0.075000 0.093750
0 0.666016 0.034668 0.025781 0.032227
0 0.946875 0.035156 0.010937 0.013672
0 0.545312 0.044434 0.012500 0.014648
0 0.764062 0.062500 0.026562 0.037109
0 0.745703 0.060059 0.011719 0.014648
0 0.959766 0.067871 0.016406 0.018555
0 0.248047 0.076660 0.022656 0.030273
0 0.748437 0.074707 0.015625 0.018555
0 0.991797 0.081055 0.014844 0.015625
0 0.253906 0.097656 0.020313 0.023438
0 0.618359 0.104980 0.025781 0.026367
0 0.862500 0.138184 0.056250 0.069336
0 0.883984 0.159180 0.019531 0.023438
0 0.026953 0.164551 0.014844 0.020508
0 0.308203 0.170898 0.014844 0.019531
0 0.648047 0.174805 0.019531 0.023438
0 0.872266 0.178223 0.024219 0.024414
0 0.231250 0.230957 0.075000 0.094727
0 0.922656 0.204590 0.015625 0.018555
0 0.377734 0.220215 0.021094 0.026367
0 0.929297 0.223145 0.027344 0.032227
0 0.683594 0.224121 0.018750 0.024414
0 0.980078 0.229492 0.014844 0.017578
0 0.189844 0.273926 0.053125 0.059570
0 0.553516 0.258301 0.017969 0.024414
0 0.096484 0.259277 0.014844 0.018555
0 0.918359 0.260742 0.014844 0.017578
0 0.077344 0.273926 0.031250 0.038086
0 0.951953 0.270996 0.011719 0.012695
0 0.214062 0.284180 0.012500 0.021484
0 0.334766 0.302734 0.022656 0.027344
0 0.216797 0.334473 0.016406 0.081055
0 0.680469 0.319824 0.020313 0.022461
0 0.173047 0.331543 0.013281 0.016602
0 0.191016 0.347656 0.038281 0.046875
0 0.094531 0.342773 0.018750 0.015625
0 0.594531 0.351074 0.020313 0.026367
0 0.991406 0.349121 0.015625 0.018555
0 0.974219 0.369141 0.046875 0.056641
0 0.690625 0.358398 0.010937 0.021484
0 0.614453 0.374023 0.021094 0.025391
0 0.179297 0.382324 0.027344 0.036133
0 0.157031 0.380371 0.018750 0.022461
0 0.137891 0.392090 0.025781 0.032227
0 0.621484 0.390137 0.016406 0.020508
0 0.775781 0.388672 0.010937 0.015625
0 0.935156 0.390137 0.014063 0.018555
0 0.168359 0.397461 0.014844 0.017578
0 0.365625 0.399902 0.015625 0.020508
0 0.155469 0.398438 0.012500 0.015625
0 0.098047 0.403809 0.014844 0.018555
0 0.839844 0.428711 0.017188 0.019531
0 0.824219 0.449707 0.040625 0.049805
0 0.848047 0.441895 0.017969 0.022461
0 0.855859 0.458984 0.019531 0.023438
0 0.128906 0.465820 0.026562 0.033203
0 0.105469 0.479492 0.035937 0.041016
0 0.367969 0.478027 0.014063 0.018555
0 0.243359 0.504883 0.063281 0.068359
0 0.934375 0.482422 0.014063 0.019531
0 0.348047 0.491699 0.019531 0.024414
0 0.364844 0.494629 0.017188 0.022461
0 0.420703 0.520508 0.014844 0.017578
0 0.972266 0.525391 0.014844 0.019531
0 0.648047 0.531250 0.011719 0.013672
0 0.472656 0.546875 0.015625 0.025391
0 0.648438 0.547852 0.017188 0.021484
0 0.662891 0.544922 0.013281 0.013672
0 0.661719 0.559082 0.015625 0.018555
0 0.608594 0.561035 0.010937 0.016602
0 0.651953 0.568848 0.016406 0.022461
0 0.474609 0.580078 0.014844 0.017578
0 0.583203 0.587402 0.007031 0.010742
0 0.066016 0.636230 0.014844 0.018555
0 0.861328 0.657715 0.016406 0.018555
0 0.987891 0.667480 0.022656 0.032227
0 0.921094 0.684570 0.045312 0.048828
0 0.735547 0.681641 0.027344 0.029297
0 0.323047 0.688477 0.011719 0.015625
0 0.532422 0.713379 0.030469 0.038086
0 0.775781 0.704590 0.014063 0.018555
0 0.235156 0.714355 0.007812 0.010742
0 0.871484 0.715332 0.011719 0.012695
0 0.550000 0.726562 0.023438 0.027344
0 0.298438 0.730469 0.026562 0.031250
0 0.757422 0.727539 0.022656 0.021484
0 0.237891 0.738770 0.033594 0.041992
0 0.183984 0.733887 0.014844 0.018555
0 0.066016 0.735352 0.013281 0.019531
0 0.003906 0.747559 0.007812 0.032227
0 0.558203 0.751953 0.027344 0.037109
0 0.108984 0.750977 0.025781 0.031250
0 0.760156 0.749023 0.020313 0.023438
0 0.291406 0.752441 0.021875 0.024414
0 0.548828 0.793945 0.041406 0.054688
0 0.022266 0.777832 0.014844 0.016602
0 0.641016 0.792969 0.016406 0.021484
0 0.573438 0.800781 0.014063 0.021484
0 0.453906 0.804199 0.012500 0.014648
0 0.557031 0.845215 0.014063 0.018555
0 0.945312 0.860840 0.017188 0.018555
0 0.178516 0.885254 0.044531 0.055664
0 0.032031 0.896973 0.026562 0.040039
0 0.333594 0.889648 0.014063 0.019531
0 0.016406 0.894531 0.010937 0.017578
0 0.321094 0.900391 0.021875 0.029297
0 0.521484 0.909180 0.019531 0.027344
0 0.925781 0.911621 0.025000 0.028320
0 0.326172 0.910645 0.013281 0.018555
0 0.499609 0.931641 0.046094 0.054688
0 0.355859 0.924805 0.016406 0.021484
0 0.155078 0.924316 0.014844 0.018555
0 0.846094 0.928223 0.015625 0.020508
0 0.701562 0.945312 0.029687 0.037109
0 0.962109 0.939453 0.014844 0.019531
0 0.057031 0.945801 0.018750 0.024414
0 0.612500 0.960938 0.015625 0.015625
0 0.603516 0.976074 0.017969 0.028320
0 0.618359 0.977051 0.016406 0.020508
0 0.563672 0.995605 0.016406 0.008789