0 0.067969 0.001953 0.010937 0.003906
0 0.498047 0.005859 0.013281 0.011719
0 0.734375 0.004883 0.018750 0.009766
0 0.908984 0.016113 0.013281 0.016602
0 0.272656 0.021484 0.014063 0.019531
0 0.938672 0.020996 0.014844 0.018555
0 0.420703 0.038574 0.024219 0.032227
0 0.307031 0.043457 0.014063 0.018555
0 0.433203 0.053711 0.017969 0.023438
0 0.387891 0.055176 0.014844 0.022461
0 0.505859 0.053223 0.016406 0.018555
0 0.455078 0.062012 0.017969 0.024414
0 0.255469 0.074707 0.017188 0.036133
0 0.959766 0.067871 0.014844 0.018555
0 0.981641 0.073730 0.021094 0.014648
0 0.160547 0.084473 0.016406 0.020508
0 0.617188 0.104980 0.015625 0.020508
0 0.796484 0.115723 0.010156 0.012695
0 0.646875 0.136719 0.031250 0.048828
0 0.386719 0.129883 0.017188 0.021484
0 0.471484 0.126465 0.008594 0.012695
0 0.934375 0.134766 0.025000 0.029297
0 0.194141 0.143555 0.016406 0.021484
0 0.208594 0.143555 0.014063 0.019531
0 0.112109 0.157227 0.028906 0.037109
0 0.213281 0.158203 0.015625 0.019531
0 0.703516 0.164062 0.022656 0.027344
0 0.198437 0.165527 0.020313 0.028320
0 0.625391 0.171875 0.022656 0.029297
0 0.743750 0.166504 0.015625 0.018555
0 0.453516 0.174316 0.016406 0.026367
0 0.873437 0.172852 0.018750 0.023438
0 0.214453 0.171875 0.016406 0.013672
0 0.321484 0.203125 0.047656 0.064453
0 0.210547 0.189941 0.027344 0.030273
0 0.859766 0.189941 0.021094 0.020508
0 0.865625 0.196777 0.014063 0.020508
0 0.707031 0.198730 0.010937 0.012695
0 0.813672 0.219238 0.033594 0.038086
0 0.291016 0.217773 0.010156 0.013672
0 0.723437 0.221191 0.012500 0.016602
0 0.765234 0.222168 0.011719 0.012695
0 0.453906 0.223633 0.009375 0.011719
0 0.980078 0.229492 0.014844 0.019531
0 0.312109 0.233398 0.016406 0.015625
0 0.764453 0.235352 0.013281 0.015625
0 0.409766 0.259766 0.044531 0.052734
0 0.096484 0.259766 0.014844 0.019531
0 0.915234 0.279785 0.032031 0.034180
0 0.877344 0.283203 0.012500 0.013672
0 0.409375 0.302734 0.029687 0.035156
0 0.216406 0.332031 0.017188 0.085938
0 0.853125 0.318848 0.014063 0.016602
0 0.091016 0.355469 0.044531 0.054688
0 0.200781 0.358398 0.023438 0.033203
0 0.161328 0.358887 0.021094 0.026367
0 0.584766 0.359863 0.021094 0.026367
0 0.695703 0.359375 0.010156 0.015625
0 0.146484 0.369141 0.017969 0.021484
0 0.928516 0.370605 0.019531 0.022461
0 0.953906 0.367188 0.015625 0.015625
0 0.708984 0.371582 0.017969 0.018555
0 0.944922 0.385254 0.030469 0.034180
0 0.158594 0.376953 0.017188 0.015625
0 0.918750 0.395020 0.032813 0.040039
0 0.098047 0.404297 0.014844 0.019531
0 0.940234 0.417480 0.032031 0.036133
0 0.875781 0.432129 0.051562 0.061523
0 0.665625 0.411133 0.014063 0.015625
0 0.560547 0.421875 0.010156 0.021484
0 0.685547 0.451172 0.061719 0.078125
0 0.098047 0.424316 0.017969 0.020508
0 0.380859 0.427246 0.013281 0.016602
0 0.952344 0.459473 0.059375 0.077148
0 0.803125 0.436035 0.021875 0.024414
0 0.771094 0.466797 0.018750 0.021484
0 0.494141 0.495117 0.041406 0.050781
0 0.560547 0.492676 0.016406 0.022461
0 0.572656 0.494629 0.010937 0.014648
0 0.471484 0.501953 0.008594 0.013672
0 0.555859 0.505371 0.010156 0.014648
0 0.570312 0.515137 0.026562 0.030273
0 0.078906 0.523926 0.014063 0.022461
0 0.972266 0.524902 0.014844 0.020508
0 0.450781 0.521973 0.007812 0.008789
0 0.281641 0.528809 0.021094 0.016602
0 0.387891 0.530273 0.013281 0.019531
0 0.586719 0.541992 0.015625 0.019531
0 0.288281 0.558105 0.031250 0.043945
0 0.604688 0.558105 0.015625 0.020508
0 0.175391 0.567871 0.021094 0.026367
0 0.224219 0.593750 0.054688 0.068359
0 0.521094 0.574219 0.015625 0.017578
0 0.421094 0.582031 0.017188 0.023438
0 0.474609 0.580566 0.014844 0.018555
0 0.801953 0.581543 0.016406 0.018555
0 0.567578 0.598145 0.013281 0.016602
0 0.949609 0.605957 0.022656 0.030273
0 0.562500 0.613281 0.020313 0.025391
0 0.969922 0.626953 0.027344 0.031250
0 0.103125 0.624023 0.017188 0.021484
0 0.036719 0.642578 0.014063 0.017578
0 0.947266 0.664062 0.016406 0.013672
0 0.358203 0.671387 0.016406 0.018555
0 0.532031 0.670410 0.010937 0.014648
0 0.178125 0.679199 0.009375 0.016602
0 0.182812 0.688965 0.010937 0.014648
0 0.775781 0.704590 0.015625 0.018555
0 0.814844 0.710938 0.018750 0.025391
0 0.676562 0.735840 0.026562 0.034180
0 0.183594 0.734375 0.014063 0.019531
0 0.065625 0.735352 0.014063 0.019531
0 0.217188 0.739258 0.015625 0.021484
0 0.255469 0.769531 0.035937 0.050781
0 0.308984 0.774414 0.027344 0.033203
0 0.136719 0.785645 0.009375 0.012695
0 0.145313 0.788086 0.014063 0.015625
0 0.957812 0.799316 0.023438 0.028320
0 0.329688 0.796875 0.015625 0.017578
0 0.941406 0.803711 0.014063 0.017578
0 0.122656 0.826172 0.029687 0.037109
0 0.535156 0.837402 0.018750 0.022461
0 0.186719 0.844238 0.009375 0.018555
0 0.522656 0.843262 0.014063 0.014648
0 0.557422 0.844727 0.013281 0.017578
0 0.528906 0.864746 0.026562 0.036133
0 0.746875 0.855957 0.020313 0.018555
0 0.055078 0.867676 0.024219 0.028320
0 0.834375 0.862793 0.014063 0.018555
0 0.042188 0.876465 0.014063 0.020508
0 0.090625 0.878906 0.010937 0.011719
0 0.052344 0.896484 0.025000 0.031250
0 0.063281 0.902832 0.018750 0.026367
0 0.152344 0.901367 0.017188 0.019531
0 0.581250 0.930664 0.026562 0.035156
0 0.155078 0.924316 0.014844 0.018555
0 0.846094 0.928711 0.015625 0.019531
0 0.655859 0.942383 0.035156 0.039062
0 0.957422 0.941406 0.016406 0.021484
0 0.969141 0.939453 0.013281 0.017578
0 0.373828 0.947266 0.019531 0.027344
0 0.357031 0.952637 0.018750 0.024414
0 0.969141 0.959961 0.027344 0.031250
0 0.711328 0.978516 0.028906 0.039062
0 0.653906 0.969727 0.017188 0.019531
0 0.237109 0.974121 0.017969 0.024414
0 0.667969 0.979492 0.026562 0.033203
0 0.976953 0.985352 0.021094 0.027344
0 0.684375 0.990723 0.025000 0.018555
0 0.065625 0.991699 0.012500 0.016602
0 0.584766 0.997559 0.007031 0.004883