0 0.410156 0.003906 0.031250 0.007812
0 0.579688 0.002930 0.018750 0.005859
0 0.795703 0.002441 0.010156 0.004883
0 0.833594 0.003906 0.023438 0.007812
0 0.973047 0.013184 0.025781 0.026367
0 0.326172 0.021973 0.016406 0.022461
0 0.938672 0.020996 0.014844 0.018555
0 0.284766 0.033203 0.030469 0.041016
0 0.982031 0.026367 0.012500 0.017578
0 0.484375 0.041016 0.015625 0.023438
0 0.303906 0.052246 0.021875 0.028320
0 0.387891 0.054688 0.014844 0.021484
0 0.869922 0.056641 0.013281 0.015625
0 0.062109 0.060547 0.016406 0.019531
0 0.961328 0.067383 0.013281 0.017578
0 0.005859 0.082031 0.011719 0.044922
0 0.943359 0.091797 0.041406 0.050781
0 0.177344 0.098145 0.043750 0.057617
0 0.585938 0.081543 0.015625 0.022461
0 0.150781 0.102539 0.014063 0.019531
0 0.016797 0.119141 0.019531 0.021484
0 0.265625 0.127441 0.015625 0.020508
0 0.565234 0.166016 0.035156 0.044922
0 0.224219 0.185547 0.053125 0.066406
0 0.307812 0.170410 0.014063 0.018555
0 0.946875 0.177734 0.014063 0.015625
0 0.537500 0.244141 0.053125 0.066406
0 0.696094 0.223633 0.014063 0.017578
0 0.467187 0.228516 0.015625 0.021484
0 0.980078 0.229004 0.014844 0.018555
0 0.412500 0.252441 0.021875 0.026367
0 0.096094 0.258789 0.015625 0.019531
0 0.918750 0.261230 0.015625 0.018555
0 0.188672 0.269531 0.017969 0.025391
0 0.175391 0.277832 0.021094 0.022461
0 0.626953 0.290039 0.017969 0.027344
0 0.366016 0.295410 0.021094 0.026367
0 0.926562 0.290527 0.014063 0.016602
0 0.216797 0.325195 0.016406 0.070312
0 0.878125 0.305664 0.025000 0.027344
0 0.731641 0.309082 0.022656 0.020508
0 0.346484 0.312500 0.017969 0.019531
0 0.265625 0.315918 0.018750 0.016602
0 0.703125 0.329102 0.028125 0.033203
0 0.748047 0.333008 0.017969 0.023438
0 0.183203 0.341797 0.013281 0.021484
0 0.677734 0.344727 0.014844 0.019531
0 0.200391 0.359375 0.022656 0.031250
0 0.695312 0.355957 0.010937 0.012695
0 0.014453 0.370117 0.017969 0.023438
0 0.219922 0.379883 0.030469 0.039062
0 0.935156 0.390625 0.015625 0.019531
0 0.097656 0.403320 0.015625 0.019531
0 0.266016 0.426270 0.032031 0.040039
0 0.479297 0.422852 0.019531 0.023438
0 0.810547 0.427246 0.024219 0.032227
0 0.769922 0.457520 0.011719 0.012695
0 0.413672 0.472656 0.027344 0.033203
0 0.025391 0.471191 0.017969 0.022461
0 0.831641 0.472168 0.016406 0.020508
0 0.237109 0.472656 0.013281 0.019531
0 0.267188 0.479492 0.017188 0.019531
0 0.823047 0.485840 0.021094 0.024414
0 0.941797 0.489258 0.019531 0.023438
0 0.251172 0.498047 0.016406 0.019531
0 0.930859 0.499023 0.016406 0.019531
0 0.015234 0.516602 0.019531 0.023438
0 0.549609 0.541016 0.050781 0.064453
0 0.972656 0.524902 0.014063 0.018555
0 0.880469 0.553223 0.037500 0.045898
0 0.660156 0.541504 0.018750 0.020508
0 0.580078 0.551270 0.017969 0.028320
0 0.336328 0.558105 0.025781 0.032227
0 0.658203 0.551758 0.017969 0.019531
0 0.991016 0.553711 0.017969 0.017578
0 0.305859 0.589844 0.064844 0.080078
0 0.608203 0.560547 0.013281 0.019531
0 0.414453 0.570312 0.017969 0.021484
0 0.474609 0.580078 0.014844 0.017578
0 0.406641 0.588379 0.017969 0.024414
0 0.418359 0.586426 0.011719 0.016602
0 0.339844 0.614746 0.025000 0.034180
0 0.796484 0.611816 0.014844 0.016602
0 0.153125 0.624512 0.018750 0.020508
0 0.387891 0.634766 0.016406 0.029297
0 0.537109 0.629883 0.016406 0.017578
0 0.437109 0.636230 0.019531 0.026367
0 0.200391 0.639648 0.019531 0.029297
0 0.580859 0.638184 0.016406 0.020508
0 0.502734 0.643066 0.013281 0.018555
0 0.591797 0.665039 0.017969 0.023438
0 0.141016 0.687012 0.022656 0.028320
0 0.838281 0.691895 0.020313 0.026367
0 0.776172 0.704590 0.014844 0.018555
0 0.622266 0.730469 0.042969 0.054688
0 0.601953 0.713379 0.010156 0.014648
0 0.162891 0.740234 0.033594 0.046875
0 0.264062 0.731934 0.018750 0.026367
0 0.097266 0.739258 0.024219 0.031250
0 0.183203 0.734863 0.016406 0.020508
0 0.065625 0.734863 0.014063 0.018555
0 0.726172 0.758301 0.022656 0.026367
0 0.021484 0.785645 0.021094 0.028320
0 0.374219 0.804688 0.023438 0.029297
0 0.791406 0.826172 0.020313 0.025391
0 0.091797 0.827637 0.014844 0.016602
0 0.168359 0.843262 0.035156 0.045898
0 0.185547 0.833984 0.008594 0.011719
0 0.995703 0.845703 0.008594 0.027344
0 0.557422 0.844727 0.013281 0.017578
0 0.703516 0.861816 0.027344 0.034180
0 0.246875 0.860840 0.021875 0.026367
0 0.191797 0.861816 0.011719 0.014648
0 0.689063 0.884277 0.020313 0.026367
0 0.389844 0.929199 0.026562 0.034180
0 0.309375 0.921875 0.012500 0.015625
0 0.155078 0.923828 0.014844 0.017578
0 0.846094 0.928711 0.015625 0.019531
0 0.962500 0.939453 0.014063 0.017578
0 0.695703 0.954590 0.027344 0.034180
0 0.995703 0.971191 0.008594 0.022461
0 0.710156 0.979492 0.025000 0.035156
0 0.635938 0.990234 0.028125 0.019531
0 0.603125 0.991699 0.037500 0.016602
0 0.664062 0.997070 0.020313 0.005859