0 0.007812 0.002441 0.012500 0.004883
0 0.711328 0.015625 0.030469 0.031250
0 0.557422 0.040527 0.060156 0.075195
0 0.274219 0.016602 0.014063 0.017578
0 0.386719 0.025391 0.014063 0.017578
0 0.118359 0.035156 0.017969 0.019531
0 0.789844 0.034668 0.014063 0.018555
0 0.870313 0.039551 0.014063 0.018555
0 0.959766 0.044434 0.019531 0.028320
0 0.976172 0.047363 0.016406 0.022461
0 0.651953 0.071289 0.039844 0.050781
0 0.923828 0.056641 0.016406 0.019531
0 0.017969 0.064453 0.012500 0.015625
0 0.242188 0.062500 0.007812 0.009766
0 0.254688 0.062988 0.010937 0.010742
0 0.394531 0.070801 0.015625 0.020508
0 0.266016 0.072266 0.014844 0.017578
0 0.782422 0.080078 0.014844 0.023438
0 0.166016 0.078613 0.013281 0.014648
0 0.434766 0.081055 0.011719 0.015625
0 0.737891 0.093750 0.010156 0.017578
0 0.148047 0.095215 0.014844 0.018555
0 0.908984 0.100098 0.014844 0.018555
0 0.736719 0.110352 0.010937 0.015625
0 0.274609 0.139648 0.046094 0.060547
0 0.858984 0.118164 0.013281 0.017578
0 0.873828 0.139648 0.030469 0.039062
0 0.248047 0.134277 0.013281 0.020508
0 0.746094 0.132812 0.012500 0.017578
0 0.072266 0.137207 0.019531 0.022461
0 0.821484 0.138184 0.014844 0.018555
0 0.624219 0.145508 0.014063 0.015625
0 0.697266 0.157227 0.011719 0.015625
0 0.570703 0.164551 0.010156 0.014648
0 0.481641 0.168457 0.016406 0.020508
0 0.074609 0.173340 0.021094 0.024414
0 0.301953 0.167480 0.007031 0.008789
0 0.622656 0.175293 0.014063 0.018555
0 0.726172 0.189941 0.013281 0.016602
0 0.165625 0.193359 0.012500 0.013672
0 0.646875 0.205566 0.034375 0.038086
0 0.327734 0.205078 0.021094 0.025391
0 0.444141 0.210938 0.028906 0.037109
0 0.006250 0.208496 0.012500 0.024414
0 0.664062 0.213867 0.021875 0.021484
0 0.382812 0.220703 0.014063 0.019531
0 0.430469 0.219727 0.010937 0.015625
0 0.076172 0.229004 0.019531 0.022461
0 0.740625 0.233887 0.014063 0.018555
0 0.162109 0.241211 0.011719 0.015625
0 0.865625 0.244629 0.014063 0.016602
0 0.279297 0.247070 0.013281 0.017578
0 0.625391 0.249023 0.014844 0.019531
0 0.606250 0.256836 0.017188 0.023438
0 0.919141 0.256348 0.014844 0.018555
0 0.858203 0.274902 0.024219 0.028320
0 0.614844 0.288086 0.017188 0.019531
0 0.392969 0.290527 0.012500 0.014648
0 0.773438 0.291504 0.012500 0.014648
0 0.687109 0.304688 0.016406 0.019531
0 0.949609 0.322266 0.038281 0.046875
0 0.482812 0.309570 0.015625 0.019531
0 0.808984 0.315430 0.016406 0.019531
0 0.030469 0.321289 0.012500 0.015625
0 0.660937 0.333496 0.015625 0.018555
0 0.661328 0.350586 0.014844 0.015625
0 0.005859 0.354004 0.011719 0.016602
0 0.064453 0.365234 0.019531 0.021484
0 0.715625 0.364746 0.012500 0.016602
0 0.200000 0.368652 0.012500 0.016602
0 0.587500 0.371582 0.014063 0.018555
0 0.239063 0.374512 0.014063 0.018555
0 0.917969 0.377441 0.014063 0.018555
0 0.448828 0.380371 0.013281 0.018555
0 0.936328 0.385742 0.014844 0.019531
0 0.680469 0.403320 0.014063 0.021484
0 0.987500 0.415527 0.014063 0.018555
0 0.058984 0.425781 0.027344 0.033203
0 0.923047 0.419922 0.016406 0.019531
0 0.262500 0.421875 0.017188 0.019531
0 0.238672 0.426758 0.014844 0.015625
0 0.045703 0.436035 0.016406 0.018555
0 0.438672 0.449707 0.021094 0.024414
0 0.705859 0.453613 0.021094 0.024414
0 0.327344 0.454590 0.012500 0.020508
0 0.566016 0.563477 0.164844 0.203125
0 0.167969 0.475586 0.014063 0.017578
0 0.789453 0.495117 0.017969 0.023438
0 0.994922 0.492676 0.010156 0.016602
0 0.340234 0.496094 0.014844 0.017578
0 0.144141 0.506836 0.016406 0.019531
0 0.223438 0.516602 0.012500 0.015625
0 0.957031 0.526367 0.015625 0.017578
0 0.877734 0.531738 0.014844 0.018555
0 0.142969 0.536133 0.015625 0.013672
0 0.763281 0.543945 0.014063 0.017578
0 0.783203 0.551270 0.007031 0.010742
0 0.172266 0.566406 0.019531 0.021484
0 0.305469 0.569336 0.012500 0.017578
0 0.917578 0.648438 0.127344 0.160156
0 0.176172 0.584473 0.019531 0.020508
0 0.097266 0.585449 0.014844 0.018555
0 0.192969 0.584961 0.006250 0.011719
0 0.422656 0.614258 0.018750 0.025391
0 0.243750 0.616211 0.007812 0.009766
0 0.337500 0.624023 0.014063 0.015625
0 0.245312 0.625977 0.010937 0.013672
0 0.221875 0.650391 0.018750 0.023438
0 0.003906 0.663574 0.007812 0.020508
0 0.690234 0.661621 0.011719 0.014648
0 0.728516 0.666992 0.011719 0.013672
0 0.301953 0.675293 0.019531 0.024414
0 0.219922 0.673340 0.014844 0.014648
0 0.319531 0.684570 0.014063 0.013672
0 0.496484 0.691406 0.011719 0.015625
0 0.687500 0.693848 0.012500 0.016602
0 0.282813 0.704590 0.014063 0.016602
0 0.208594 0.721680 0.015625 0.017578
0 0.269531 0.725586 0.014063 0.017578
0 0.828125 0.737305 0.010937 0.013672
0 0.219141 0.746094 0.021094 0.023438
0 0.252344 0.756836 0.014063 0.017578
0 0.690234 0.761230 0.011719 0.014648
0 0.217578 0.765625 0.016406 0.017578
0 0.593359 0.770020 0.017969 0.022461
0 0.322656 0.773926 0.015625 0.018555
0 0.243750 0.775879 0.014063 0.018555
0 0.530469 0.780273 0.017188 0.021484
0 0.514062 0.791016 0.025000 0.033203
0 0.109375 0.802734 0.017188 0.019531
0 0.528906 0.800293 0.010937 0.012695
0 0.398438 0.807129 0.018750 0.018555
0 0.085938 0.809570 0.018750 0.019531
0 0.036719 0.817383 0.023438 0.025391
0 0.560156 0.820801 0.014063 0.014648
0 0.557422 0.839844 0.014844 0.017578
0 0.160547 0.854980 0.033594 0.040039
0 0.573047 0.848633 0.019531 0.023438
0 0.711719 0.858887 0.015625 0.018555
0 0.995703 0.869141 0.008594 0.029297
0 0.941406 0.865723 0.012500 0.016602
0 0.807422 0.873535 0.013281 0.016602
0 0.871484 0.891602 0.035156 0.044922
0 0.397266 0.883301 0.016406 0.024414
0 0.989453 0.902344 0.021094 0.041016
0 0.509375 0.903320 0.023438 0.031250
0 0.026172 0.902832 0.021094 0.022461
0 0.741797 0.899902 0.013281 0.016602
0 0.792188 0.906250 0.020313 0.021484
0 0.493750 0.913086 0.017188 0.023438
0 0.706641 0.932129 0.042969 0.051758
0 0.846875 0.924316 0.014063 0.016602
0 0.924609 0.940430 0.013281 0.017578
0 0.406250 0.950684 0.023438 0.030273
0 0.788672 0.943359 0.010156 0.013672
0 0.069922 0.954102 0.016406 0.017578
0 0.389062 0.963379 0.025000 0.032227
0 0.698828 0.958984 0.021094 0.019531
0 0.761328 0.958008 0.013281 0.017578
0 0.475391 0.981934 0.013281 0.018555
0 0.892188 0.993164 0.045312 0.013672