0 0.099609 0.009766 0.022656 0.019531
0 0.510547 0.007324 0.024219 0.014648
0 0.920312 0.013672 0.034375 0.027344
0 0.272656 0.020996 0.015625 0.020508
0 0.939063 0.020996 0.015625 0.018555
0 0.814844 0.025391 0.018750 0.023438
0 0.654687 0.030273 0.021875 0.029297
0 0.465234 0.030762 0.019531 0.026367
0 0.735938 0.039062 0.012500 0.027344
0 0.127734 0.043457 0.024219 0.034180
0 0.387500 0.055176 0.015625 0.022461
0 0.996094 0.067383 0.007812 0.023438
0 0.105859 0.073242 0.021094 0.033203
0 0.959766 0.067871 0.016406 0.018555
0 0.746094 0.072266 0.018750 0.025391
0 0.310156 0.075684 0.020313 0.030273
0 0.305859 0.077637 0.016406 0.028320
0 0.350000 0.113770 0.009375 0.014648
0 0.039453 0.140625 0.024219 0.029297
0 0.701172 0.144043 0.027344 0.034180
0 0.378125 0.166504 0.032813 0.041992
0 0.895312 0.197754 0.073438 0.088867
0 0.307812 0.170898 0.014063 0.019531
0 0.651563 0.200195 0.015625 0.021484
0 0.475391 0.208496 0.021094 0.026367
0 0.830859 0.219238 0.017969 0.022461
0 0.251953 0.230957 0.024219 0.032227
0 0.979688 0.229492 0.015625 0.019531
0 0.716797 0.234375 0.019531 0.023438
0 0.269531 0.238770 0.018750 0.024414
0 0.107031 0.237793 0.010937 0.016602
0 0.325391 0.241699 0.014844 0.020508
0 0.508984 0.247559 0.019531 0.024414
0 0.952344 0.257812 0.034375 0.039062
0 0.096094 0.259277 0.015625 0.018555
0 0.918359 0.261230 0.014844 0.018555
0 0.438672 0.265137 0.014844 0.020508
0 0.216797 0.332520 0.017969 0.086914
0 0.732422 0.305664 0.019531 0.025391
0 0.155469 0.326172 0.018750 0.025391
0 0.200781 0.357910 0.023438 0.034180
0 0.389062 0.418945 0.107813 0.134766
0 0.514453 0.370117 0.017969 0.023438
0 0.600781 0.389648 0.031250 0.039062
0 0.935156 0.390625 0.015625 0.019531
0 0.097656 0.403320 0.015625 0.019531
0 0.847656 0.419434 0.026562 0.034180
0 0.967187 0.452148 0.059375 0.072266
0 0.676172 0.427734 0.014844 0.017578
0 0.162500 0.473145 0.021875 0.024414
0 0.284766 0.483398 0.017969 0.023438
0 0.510938 0.489258 0.014063 0.017578
0 0.950781 0.507812 0.023438 0.025391
0 0.307812 0.509766 0.018750 0.023438
0 0.554297 0.508789 0.013281 0.015625
0 0.935156 0.516113 0.017188 0.020508
0 0.552344 0.520996 0.010937 0.016602
0 0.854688 0.530273 0.026562 0.031250
0 0.972266 0.524902 0.014844 0.020508
0 0.581641 0.533203 0.019531 0.019531
0 0.578906 0.554199 0.021875 0.026367
0 0.608594 0.561035 0.014063 0.020508
0 0.303906 0.575195 0.018750 0.025391
0 0.474609 0.580078 0.014844 0.019531
0 0.697656 0.601562 0.032813 0.035156
0 0.809375 0.597168 0.012500 0.016602
0 0.913281 0.616699 0.018750 0.020508
0 0.314063 0.628906 0.021875 0.027344
0 0.159375 0.650879 0.020313 0.026367
0 0.983203 0.664551 0.017969 0.020508
0 0.031641 0.706055 0.022656 0.027344
0 0.775781 0.704590 0.015625 0.018555
0 0.792188 0.726074 0.018750 0.024414
0 0.860938 0.731445 0.021875 0.027344
0 0.921875 0.734375 0.026562 0.027344
0 0.183984 0.733887 0.014844 0.018555
0 0.458984 0.738281 0.022656 0.027344
0 0.065625 0.735352 0.014063 0.019531
0 0.037500 0.735352 0.010937 0.015625
0 0.937109 0.755859 0.024219 0.029297
0 0.920312 0.754883 0.012500 0.017578
0 0.503516 0.774414 0.025781 0.021484
0 0.398047 0.797852 0.039844 0.048828
0 0.786719 0.792969 0.018750 0.021484
0 0.597656 0.829590 0.025000 0.030273
0 0.782422 0.829590 0.022656 0.028320
0 0.831250 0.849121 0.039062 0.045898
0 0.557031 0.845215 0.015625 0.018555
0 0.212500 0.882812 0.020313 0.025391
0 0.346875 0.922852 0.035937 0.048828
0 0.069922 0.909180 0.014844 0.019531
0 0.155469 0.923828 0.015625 0.019531
0 0.846094 0.928223 0.017188 0.020508
0 0.650000 0.962402 0.106250 0.075195
0 0.962500 0.939453 0.014063 0.017578
0 0.494531 0.970703 0.026562 0.033203
0 0.023828 0.977051 0.019531 0.026367
0 0.543750 0.989746 0.021875 0.020508
0 0.821484 0.991699 0.021094 0.016602