0 0.085156 0.006836 0.017188 0.011719
0 0.123828 0.014160 0.010156 0.014648
0 0.135547 0.020996 0.022656 0.028320
0 0.273828 0.017090 0.013281 0.016602
0 0.939063 0.019043 0.015625 0.020508
0 0.386719 0.025879 0.014063 0.018555
0 0.608203 0.023438 0.013281 0.011719
0 0.558203 0.028809 0.011719 0.018555
0 0.789844 0.035156 0.014063 0.019531
0 0.869531 0.039551 0.012500 0.016602
0 0.263281 0.041992 0.014063 0.017578
0 0.670312 0.060059 0.040625 0.053711
0 0.653906 0.042480 0.010937 0.014648
0 0.969141 0.050293 0.019531 0.024414
0 0.360156 0.052246 0.012500 0.016602
0 0.694922 0.063965 0.011719 0.018555
0 0.159766 0.076660 0.019531 0.020508
0 0.885547 0.077148 0.010156 0.013672
0 0.725000 0.084473 0.015625 0.020508
0 0.216797 0.089844 0.024219 0.029297
0 0.147656 0.095703 0.014063 0.017578
0 0.822656 0.100098 0.014063 0.018555
0 0.908594 0.100586 0.014063 0.017578
0 0.184766 0.111328 0.021094 0.029297
0 0.209766 0.125977 0.044531 0.054688
0 0.859766 0.119141 0.014844 0.019531
0 0.450391 0.125977 0.016406 0.021484
0 0.427734 0.128906 0.014844 0.019531
0 0.774219 0.150391 0.039062 0.048828
0 0.307812 0.166016 0.014063 0.019531
0 0.582422 0.166016 0.014844 0.019531
0 0.701953 0.190918 0.016406 0.020508
0 0.725781 0.189453 0.010937 0.013672
0 0.881250 0.216309 0.037500 0.043945
0 0.345703 0.210938 0.011719 0.015625
0 0.330469 0.220703 0.015625 0.019531
0 0.142969 0.230957 0.018750 0.022461
0 0.891406 0.240723 0.014063 0.016602
0 0.266406 0.277344 0.070312 0.082031
0 0.880859 0.247070 0.014844 0.017578
0 0.625000 0.249023 0.015625 0.019531
0 0.918750 0.256836 0.014063 0.017578
0 0.996875 0.256836 0.006250 0.015625
0 0.531641 0.279785 0.016406 0.020508
0 0.379297 0.299805 0.028906 0.037109
0 0.823828 0.316406 0.038281 0.048828
0 0.795703 0.312012 0.021094 0.030273
0 0.482422 0.310059 0.014844 0.018555
0 0.938281 0.326172 0.017188 0.021484
0 0.817969 0.343750 0.012500 0.013672
0 0.005469 0.354492 0.010937 0.017578
0 0.193359 0.370605 0.021094 0.028320
0 0.317188 0.363281 0.014063 0.013672
0 0.178516 0.364258 0.013281 0.013672
0 0.714844 0.364746 0.010937 0.014648
0 0.587500 0.371582 0.014063 0.018555
0 0.169922 0.398438 0.053906 0.066406
0 0.917188 0.377930 0.014063 0.017578
0 0.449219 0.379883 0.015625 0.019531
0 0.935547 0.386230 0.014844 0.018555
0 0.873437 0.387207 0.012500 0.016602
0 0.098047 0.394531 0.016406 0.019531
0 0.292187 0.396973 0.015625 0.020508
0 0.436328 0.406250 0.016406 0.021484
0 0.285938 0.409668 0.014063 0.016602
0 0.806641 0.424316 0.032031 0.040039
0 0.085938 0.421875 0.018750 0.021484
0 0.057422 0.424805 0.011719 0.015625
0 0.572656 0.433105 0.012500 0.014648
0 0.355469 0.448242 0.020313 0.025391
0 0.932031 0.442871 0.014063 0.014648
0 0.257422 0.458984 0.013281 0.015625
0 0.369141 0.474609 0.038281 0.046875
0 0.482812 0.469238 0.020313 0.024414
0 0.654687 0.472656 0.020313 0.027344
0 0.530469 0.472656 0.015625 0.017578
0 0.940625 0.470215 0.007812 0.010742
0 0.167578 0.476074 0.014844 0.016602
0 0.527734 0.483398 0.014844 0.021484
0 0.517578 0.480957 0.010156 0.014648
0 0.340234 0.496582 0.013281 0.014648
0 0.054688 0.505371 0.025000 0.028320
0 0.880469 0.508301 0.018750 0.020508
0 0.177734 0.509766 0.013281 0.011719
0 0.421094 0.523438 0.018750 0.023438
0 0.535937 0.523438 0.014063 0.017578
0 0.658984 0.522949 0.013281 0.016602
0 0.728516 0.530273 0.010156 0.013672
0 0.877734 0.532227 0.013281 0.015625
0 0.656250 0.537598 0.015625 0.016602
0 0.152344 0.539551 0.014063 0.018555
0 0.142969 0.544434 0.015625 0.022461
0 0.185156 0.541504 0.012500 0.016602
0 0.421094 0.547852 0.012500 0.015625
0 0.502344 0.577637 0.045312 0.053711
0 0.207422 0.566406 0.014844 0.017578
0 0.305078 0.568848 0.011719 0.014648
0 0.919141 0.576172 0.016406 0.021484
0 0.905078 0.579590 0.016406 0.022461
0 0.096875 0.585938 0.015625 0.019531
0 0.189844 0.585449 0.012500 0.016602
0 0.128125 0.587891 0.015625 0.017578
0 0.030469 0.591797 0.009375 0.011719
0 0.629297 0.595703 0.011719 0.015625
0 0.819531 0.604004 0.023438 0.028320
0 0.482031 0.604492 0.018750 0.025391
0 0.932813 0.599121 0.010937 0.012695
0 0.970703 0.608887 0.017969 0.018555
0 0.500391 0.625000 0.033594 0.041016
0 0.636719 0.629395 0.014063 0.018555
0 0.005469 0.641113 0.010937 0.038086
0 0.968750 0.644043 0.014063 0.016602
0 0.388672 0.649414 0.014844 0.019531
0 0.416016 0.659668 0.014844 0.018555
0 0.958594 0.668457 0.025000 0.030273
0 0.689844 0.661621 0.007812 0.010742
0 0.302344 0.669922 0.015625 0.021484
0 0.267188 0.693848 0.040625 0.049805
0 0.789844 0.712891 0.048438 0.060547
0 0.812891 0.694336 0.017969 0.021484
0 0.464844 0.704590 0.028125 0.036133
0 0.444141 0.701660 0.014844 0.020508
0 0.544141 0.707520 0.021094 0.024414
0 0.449219 0.716309 0.009375 0.012695
0 0.208203 0.722656 0.014844 0.017578
0 0.761328 0.726074 0.019531 0.024414
0 0.455859 0.722656 0.011719 0.013672
0 0.719531 0.746094 0.039062 0.048828
0 0.182031 0.741211 0.014063 0.029297
0 0.557422 0.777344 0.071094 0.095703
0 0.828125 0.737793 0.012500 0.016602
0 0.169922 0.742676 0.014844 0.020508
0 0.764062 0.770508 0.057813 0.074219
0 0.116797 0.758789 0.036719 0.046875
0 0.141016 0.750977 0.019531 0.027344
0 0.320703 0.753906 0.014844 0.019531
0 0.631641 0.761230 0.027344 0.034180
0 0.646875 0.753418 0.012500 0.016602
0 0.730859 0.771484 0.016406 0.023438
0 0.519922 0.777832 0.019531 0.028320
0 0.937891 0.774902 0.013281 0.016602
0 0.243750 0.776367 0.014063 0.017578
0 0.322656 0.774902 0.010937 0.012695
0 0.594141 0.778809 0.010156 0.020508
0 0.105078 0.778809 0.013281 0.014648
0 0.066406 0.780273 0.012500 0.011719
0 0.001953 0.786621 0.003906 0.014648
0 0.708203 0.791016 0.010156 0.013672
0 0.276953 0.800781 0.024219 0.027344
0 0.524609 0.809570 0.016406 0.021484
0 0.276953 0.821289 0.014844 0.015625
0 0.962500 0.820801 0.015625 0.014648
0 0.556641 0.842285 0.008594 0.008789
0 0.155078 0.860840 0.017969 0.022461
0 0.941016 0.865723 0.013281 0.016602
0 0.903125 0.868164 0.015625 0.019531
0 0.982422 0.869141 0.013281 0.017578
0 0.176953 0.868164 0.008594 0.009766
0 0.800781 0.890625 0.020313 0.027344
0 0.375391 0.886230 0.014844 0.016602
0 0.617578 0.911133 0.044531 0.056641
0 0.383594 0.894043 0.014063 0.020508
0 0.641797 0.900879 0.013281 0.018555
0 0.741406 0.900391 0.012500 0.015625
0 0.373437 0.899902 0.009375 0.010742
0 0.899219 0.917969 0.020313 0.027344
0 0.696094 0.928223 0.020313 0.026367
0 0.846875 0.924805 0.014063 0.017578
0 0.198437 0.940430 0.023438 0.029297
0 0.912109 0.937988 0.013281 0.022461
0 0.041016 0.937988 0.014844 0.016602
0 0.749609 0.947266 0.024219 0.031250
0 0.924609 0.940430 0.013281 0.015625
0 0.573828 0.958496 0.024219 0.032227
0 0.025781 0.957031 0.021875 0.025391
0 0.278516 0.972168 0.033594 0.041992
0 0.094141 0.971191 0.021094 0.024414
0 0.943359 0.977539 0.021094 0.027344
0 0.929297 0.974121 0.010156 0.018555
0 0.360938 0.979492 0.014063 0.019531
0 0.474609 0.982422 0.011719 0.015625
0 0.212500 0.993164 0.032813 0.013672
0 0.848437 0.994629 0.012500 0.010742
0 0.467578 0.997070 0.013281 0.005859