0 0.352734 0.091797 0.158594 0.183594
0 0.833203 0.002930 0.011719 0.005859
0 0.985547 0.018066 0.028906 0.036133
0 0.930078 0.037109 0.053906 0.068359
0 0.602344 0.069824 0.101562 0.129883
0 0.272656 0.016113 0.009375 0.012695
0 0.782422 0.023926 0.011719 0.016602
0 0.789844 0.035645 0.014063 0.018555
0 0.985938 0.060059 0.028125 0.047852
0 0.819141 0.055176 0.016406 0.020508
0 0.900781 0.100098 0.076563 0.094727
0 0.246094 0.071777 0.018750 0.022461
0 0.703516 0.070801 0.014844 0.020508
0 0.549609 0.081543 0.028906 0.038086
0 0.972266 0.081055 0.024219 0.029297
0 0.491016 0.135254 0.096094 0.129883
0 0.671094 0.091797 0.017188 0.025391
0 0.689063 0.095215 0.021875 0.030273
0 0.045703 0.122559 0.067969 0.083008
0 0.827734 0.157227 0.114844 0.144531
0 0.147656 0.095703 0.015625 0.019531
0 0.755859 0.099609 0.010156 0.011719
0 0.560547 0.132812 0.046094 0.056641
0 0.413672 0.134277 0.036719 0.049805
0 0.295312 0.191895 0.076563 0.096680
0 0.990234 0.158203 0.016406 0.023438
0 0.560547 0.213867 0.088281 0.105469
0 0.991016 0.178711 0.014844 0.015625
0 0.465625 0.194824 0.034375 0.040039
0 0.776953 0.201660 0.036719 0.047852
0 0.184766 0.211914 0.030469 0.037109
0 0.754297 0.223633 0.028906 0.029297
0 0.169531 0.227051 0.015625 0.018555
0 0.777344 0.281250 0.107813 0.126953
0 0.179297 0.239258 0.021094 0.025391
0 0.878516 0.241699 0.014844 0.020508
0 0.165234 0.245605 0.014844 0.016602
0 0.625000 0.249512 0.015625 0.018555
0 0.918750 0.256348 0.014063 0.018555
0 0.613281 0.268555 0.015625 0.019531
0 0.723828 0.289062 0.027344 0.039062
0 0.389453 0.280762 0.014844 0.018555
0 0.637500 0.311035 0.037500 0.047852
0 0.822656 0.313965 0.034375 0.043945
0 0.353906 0.310547 0.017188 0.021484
0 0.412109 0.311035 0.016406 0.020508
0 0.482812 0.309570 0.015625 0.017578
0 0.303906 0.346191 0.015625 0.018555
0 0.151562 0.353027 0.014063 0.018555
0 0.407031 0.354492 0.014063 0.017578
0 0.857812 0.353516 0.009375 0.011719
0 0.876172 0.366211 0.016406 0.019531
0 0.858203 0.383789 0.042969 0.052734
0 0.199609 0.369141 0.010156 0.011719
0 0.587891 0.371582 0.011719 0.014648
0 0.917578 0.377930 0.014844 0.017578
0 0.994531 0.381836 0.010937 0.023438
0 0.935547 0.385742 0.014844 0.017578
0 0.198047 0.393555 0.013281 0.015625
0 0.032813 0.394043 0.014063 0.012695
0 0.046094 0.420898 0.053125 0.066406
0 0.450781 0.405762 0.025000 0.032227
0 0.074609 0.415527 0.013281 0.018555
0 0.437891 0.416504 0.013281 0.016602
0 0.723828 0.421387 0.014844 0.024414
0 0.735938 0.423340 0.014063 0.018555
0 0.181250 0.424805 0.007812 0.009766
0 0.927344 0.428711 0.012500 0.015625
0 0.729688 0.436523 0.015625 0.017578
0 0.825000 0.438477 0.012500 0.015625
0 0.569922 0.450684 0.014844 0.020508
0 0.611719 0.458984 0.012500 0.015625
0 0.347266 0.465820 0.013281 0.011719
0 0.694531 0.472656 0.014063 0.017578
0 0.167969 0.476074 0.015625 0.018555
0 0.939844 0.479004 0.015625 0.018555
0 0.344531 0.486328 0.014063 0.023438
0 0.361328 0.493164 0.024219 0.031250
0 0.216406 0.491211 0.015625 0.019531
0 0.892188 0.502930 0.012500 0.015625
0 0.341016 0.511230 0.022656 0.030273
0 0.635938 0.509277 0.010937 0.014648
0 0.356641 0.511230 0.013281 0.016602
0 0.650000 0.524414 0.032813 0.041016
0 0.535937 0.523438 0.015625 0.017578
0 0.513281 0.527832 0.015625 0.018555
0 0.877734 0.531738 0.013281 0.018555
0 0.474609 0.536621 0.021094 0.016602
0 0.142187 0.536621 0.015625 0.014648
0 0.468750 0.544922 0.018750 0.015625
0 0.100781 0.552246 0.017188 0.020508
0 0.992188 0.569336 0.012500 0.013672
0 0.208203 0.583496 0.014844 0.020508
0 0.096875 0.585938 0.015625 0.019531
0 0.190234 0.584961 0.013281 0.017578
0 0.935547 0.585449 0.013281 0.016602
0 0.627344 0.606934 0.014063 0.014648
0 0.783984 0.614258 0.019531 0.023438
0 0.796094 0.618164 0.010937 0.013672
0 0.170313 0.628906 0.025000 0.021484
0 0.786719 0.638184 0.025000 0.030273
0 0.960156 0.632812 0.010937 0.013672
0 0.111719 0.639648 0.012500 0.015625
0 0.426953 0.684570 0.060156 0.078125
0 0.689844 0.661133 0.010937 0.013672
0 0.382812 0.675781 0.029687 0.037109
0 0.932422 0.679688 0.021094 0.025391
0 0.994141 0.716797 0.011719 0.082031
0 0.582812 0.688477 0.010937 0.011719
0 0.792969 0.716797 0.051562 0.064453
0 0.942187 0.708496 0.043750 0.047852
0 0.616406 0.701660 0.012500 0.012695
0 0.658203 0.704590 0.013281 0.016602
0 0.282031 0.704590 0.012500 0.014648
0 0.089063 0.715332 0.012500 0.018555
0 0.076563 0.716309 0.012500 0.016602
0 0.208203 0.722168 0.014844 0.018555
0 0.268359 0.726562 0.013281 0.015625
0 0.832422 0.780762 0.089844 0.112305
0 0.553906 0.754395 0.014063 0.016602
0 0.300781 0.769043 0.021875 0.028320
0 0.566016 0.780762 0.041406 0.051758
0 0.063672 0.769531 0.010156 0.011719
0 0.589453 0.772949 0.011719 0.014648
0 0.243750 0.776367 0.014063 0.017578
0 0.316016 0.780273 0.013281 0.017578
0 0.547656 0.795898 0.014063 0.023438
0 0.211328 0.796875 0.011719 0.015625
0 0.222656 0.807617 0.023438 0.029297
0 0.662109 0.810547 0.013281 0.015625
0 0.985547 0.811523 0.013281 0.015625
0 0.092969 0.822754 0.020313 0.026367
0 0.217969 0.826660 0.014063 0.016602
0 0.557422 0.840820 0.013281 0.017578
0 0.519922 0.874023 0.010156 0.013672
0 0.673438 0.904297 0.017188 0.021484
0 0.743359 0.905762 0.013281 0.018555
0 0.842969 0.913574 0.020313 0.020508
0 0.861328 0.915527 0.019531 0.024414
0 0.149219 0.916992 0.017188 0.019531
0 0.324609 0.921875 0.017969 0.017578
0 0.848828 0.924805 0.014844 0.013672
0 0.013672 0.934082 0.025781 0.026367
0 0.393359 0.936035 0.017969 0.022461
0 0.875000 0.955566 0.040625 0.051758
0 0.012891 0.958984 0.025781 0.031250
0 0.761328 0.958008 0.013281 0.017578
0 0.989453 0.982422 0.021094 0.035156
0 0.858594 0.973145 0.010937 0.012695
0 0.137500 0.988281 0.014063 0.019531
0 0.630469 0.997559 0.009375 0.004883