0 0.401172 0.017090 0.042969 0.034180
0 0.428125 0.003418 0.015625 0.006836
0 0.689453 0.010254 0.021094 0.020508
0 0.867188 0.002930 0.020313 0.005859
0 0.698047 0.014648 0.016406 0.025391
0 0.653906 0.027344 0.032813 0.044922
0 0.676562 0.018555 0.018750 0.025391
0 0.051562 0.031250 0.037500 0.042969
0 0.557031 0.068848 0.092188 0.116211
0 0.320312 0.080566 0.106250 0.129883
0 0.694141 0.069824 0.064844 0.092773
0 0.789844 0.035156 0.014063 0.019531
0 0.520312 0.039551 0.015625 0.024414
0 0.667578 0.050293 0.017969 0.026367
0 0.230078 0.051270 0.021094 0.026367
0 0.075781 0.056152 0.021875 0.028320
0 0.058984 0.062988 0.022656 0.028320
0 0.448828 0.068359 0.019531 0.025391
0 0.067187 0.083496 0.031250 0.032227
0 0.148047 0.095215 0.014844 0.018555
0 0.908594 0.100586 0.014063 0.017578
0 0.849219 0.107422 0.014063 0.017578
0 0.540234 0.123047 0.027344 0.031250
0 0.840625 0.116699 0.012500 0.016602
0 0.853125 0.124023 0.018750 0.021484
0 0.946875 0.147949 0.034375 0.043945
0 0.929297 0.135254 0.013281 0.016602
0 0.412500 0.144531 0.014063 0.021484
0 0.427734 0.162598 0.036719 0.051758
0 0.323047 0.155762 0.024219 0.030273
0 0.879687 0.149902 0.009375 0.012695
0 0.914844 0.150391 0.017188 0.013672
0 0.346484 0.164062 0.028906 0.035156
0 0.986328 0.189453 0.027344 0.082031
0 0.919531 0.184570 0.051562 0.058594
0 0.222266 0.187988 0.032031 0.040039
0 0.197656 0.191406 0.029687 0.041016
0 0.579297 0.186035 0.013281 0.018555
0 0.718750 0.185059 0.012500 0.016602
0 0.354687 0.184082 0.010937 0.012695
0 0.805469 0.190430 0.020313 0.025391
0 0.592187 0.192383 0.020313 0.027344
0 0.345313 0.191895 0.018750 0.020508
0 0.603906 0.190918 0.007812 0.012695
0 0.822266 0.197266 0.021094 0.023438
0 0.686328 0.198242 0.016406 0.021484
0 0.571484 0.211426 0.036719 0.045898
0 0.698047 0.210938 0.019531 0.027344
0 0.709766 0.204102 0.010156 0.013672
0 0.184766 0.213867 0.022656 0.027344
0 0.804297 0.213379 0.022656 0.024414
0 0.829297 0.211426 0.013281 0.016602
0 0.680859 0.219727 0.024219 0.027344
0 0.818359 0.219238 0.017969 0.022461
0 0.171875 0.220215 0.010937 0.012695
0 0.263672 0.221191 0.008594 0.014648
0 0.355469 0.224609 0.010937 0.013672
0 0.194141 0.239258 0.025781 0.033203
0 0.168359 0.242676 0.030469 0.038086
0 0.393750 0.240723 0.020313 0.028320
0 0.408203 0.242188 0.011719 0.017578
0 0.214844 0.242188 0.009375 0.011719
0 0.617969 0.261719 0.042188 0.050781
0 0.012891 0.267090 0.025781 0.055664
0 0.919141 0.256836 0.014844 0.017578
0 0.686328 0.266602 0.019531 0.025391
0 0.642969 0.266113 0.014063 0.014648
0 0.700000 0.271484 0.014063 0.019531
0 0.377344 0.270020 0.009375 0.014648
0 0.641016 0.284180 0.022656 0.025391
0 0.693750 0.284668 0.017188 0.020508
0 0.482031 0.309570 0.014063 0.017578
0 0.802344 0.318359 0.012500 0.013672
0 0.254688 0.325684 0.017188 0.026367
0 0.444922 0.326660 0.022656 0.028320
0 0.235937 0.343750 0.046875 0.056641
0 0.312500 0.342773 0.020313 0.025391
0 0.806250 0.369141 0.039062 0.048828
0 0.775781 0.371094 0.025000 0.033203
0 0.218359 0.364746 0.014844 0.016602
0 0.947266 0.372559 0.028906 0.024414
0 0.171484 0.369629 0.013281 0.014648
0 0.587500 0.371582 0.009375 0.010742
0 0.226562 0.398438 0.050000 0.060547
0 0.916797 0.377930 0.013281 0.017578
0 0.059375 0.413086 0.071875 0.074219
0 0.937891 0.391113 0.022656 0.024414
0 0.960156 0.392090 0.025000 0.026367
0 0.783203 0.394531 0.017969 0.025391
0 0.097656 0.405273 0.031250 0.044922
0 0.259375 0.399414 0.021875 0.029297
0 0.162109 0.404297 0.010156 0.011719
0 0.951562 0.408203 0.014063 0.019531
0 0.938281 0.411133 0.015625 0.019531
0 0.587891 0.476074 0.074219 0.094727
0 0.073828 0.456055 0.028906 0.031250
0 0.019922 0.459473 0.027344 0.036133
0 0.046875 0.459961 0.028125 0.031250
0 0.534375 0.475586 0.034375 0.042969
0 0.833594 0.465332 0.014063 0.016602
0 0.065234 0.472656 0.022656 0.023438
0 0.167578 0.475586 0.014844 0.017578
0 0.515625 0.474121 0.007812 0.012695
0 0.257812 0.506836 0.056250 0.062500
0 0.990625 0.496094 0.018750 0.037109
0 0.551953 0.499023 0.022656 0.035156
0 0.375000 0.491211 0.009375 0.011719
0 0.340234 0.497070 0.013281 0.015625
0 0.430469 0.495117 0.010937 0.011719
0 0.679297 0.570312 0.127344 0.158203
0 0.537500 0.500000 0.009375 0.011719
0 0.288672 0.528809 0.025781 0.032227
0 0.535547 0.523926 0.013281 0.016602
0 0.877734 0.532227 0.014844 0.017578
0 0.984766 0.534180 0.014844 0.017578
0 0.238672 0.539551 0.017969 0.024414
0 0.994531 0.538086 0.010937 0.019531
0 0.095312 0.542480 0.017188 0.018555
0 0.273438 0.560059 0.034375 0.051758
0 0.254297 0.545410 0.019531 0.020508
0 0.301953 0.552734 0.028906 0.035156
0 0.230469 0.549805 0.020313 0.027344
0 0.166406 0.543457 0.007812 0.010742
0 0.178516 0.551758 0.013281 0.013672
0 0.192578 0.573242 0.047656 0.054688
0 0.216797 0.560059 0.022656 0.026367
0 0.398828 0.553711 0.011719 0.013672
0 0.410938 0.557129 0.014063 0.020508
0 0.245703 0.566895 0.025781 0.030273
0 0.350000 0.561523 0.012500 0.015625
0 0.397266 0.574219 0.025781 0.031250
0 0.295703 0.570801 0.016406 0.020508
0 0.417187 0.572266 0.017188 0.021484
0 0.096875 0.585938 0.015625 0.019531
0 0.630078 0.609863 0.030469 0.040039
0 0.646094 0.604492 0.014063 0.021484
0 0.782813 0.614258 0.029687 0.041016
0 0.059766 0.622070 0.017969 0.019531
0 0.805469 0.628906 0.026562 0.033203
0 0.418359 0.621582 0.011719 0.016602
0 0.429297 0.623535 0.013281 0.018555
0 0.406641 0.627930 0.017969 0.023438
0 0.823047 0.623047 0.010156 0.011719
0 0.438281 0.635742 0.018750 0.025391
0 0.537109 0.644043 0.033594 0.041992
0 0.824609 0.639648 0.021094 0.023438
0 0.420312 0.641602 0.020313 0.025391
0 0.512891 0.646484 0.019531 0.017578
0 0.586719 0.655762 0.023438 0.030273
0 0.306250 0.652344 0.021875 0.021484
0 0.812109 0.668457 0.042969 0.051758
0 0.569922 0.657227 0.011719 0.017578
0 0.085156 0.656250 0.012500 0.013672
0 0.510938 0.670410 0.029687 0.036133
0 0.087891 0.668457 0.017969 0.018555
0 0.376953 0.663086 0.005469 0.007812
0 0.856641 0.703125 0.072656 0.087891
0 0.262500 0.667480 0.010937 0.012695
0 0.307031 0.674316 0.023438 0.024414
0 0.535156 0.678711 0.025000 0.033203
0 0.104688 0.675781 0.014063 0.017578
0 0.959375 0.682129 0.025000 0.026367
0 0.973437 0.691895 0.012500 0.018555
0 0.441797 0.701660 0.021094 0.024414
0 0.962500 0.702637 0.025000 0.020508
0 0.419141 0.715332 0.033594 0.041992
0 0.166016 0.717285 0.036719 0.041992
0 0.282422 0.705566 0.014844 0.016602
0 0.574219 0.715820 0.010937 0.013672
0 0.446094 0.723145 0.020313 0.024414
0 0.208594 0.722168 0.014063 0.016602
0 0.019141 0.727539 0.017969 0.023438
0 0.035547 0.731445 0.022656 0.029297
0 0.184766 0.726562 0.021094 0.019531
0 0.269141 0.726074 0.013281 0.016602
0 0.071094 0.726074 0.012500 0.014648
0 0.439844 0.750000 0.031250 0.041016
0 0.184766 0.752930 0.032031 0.037109
0 0.416016 0.746094 0.021094 0.023438
0 0.165625 0.747070 0.018750 0.023438
0 0.045312 0.743652 0.010937 0.012695
0 0.494922 0.748047 0.008594 0.011719
0 0.239453 0.759766 0.014844 0.019531
0 0.325000 0.762695 0.014063 0.019531
0 0.248438 0.764160 0.014063 0.020508
0 0.288672 0.761719 0.010156 0.011719
0 0.760938 0.793945 0.054688 0.072266
0 0.334375 0.780273 0.007812 0.011719
0 0.672266 0.809082 0.047656 0.063477
0 0.726172 0.791504 0.019531 0.024414
0 0.480469 0.793945 0.015625 0.019531
0 0.963281 0.796875 0.015625 0.019531
0 0.467578 0.798828 0.014844 0.021484
0 0.194141 0.799805 0.014844 0.019531
0 0.639844 0.799805 0.017188 0.017578
0 0.718359 0.830078 0.052344 0.066406
0 0.002344 0.812012 0.004687 0.028320
0 0.479297 0.812988 0.014844 0.024414
0 0.641406 0.813477 0.017188 0.017578
0 0.464453 0.830078 0.036719 0.042969
0 0.094531 0.823242 0.018750 0.021484
0 0.643750 0.826660 0.015625 0.020508
0 0.083594 0.835938 0.023438 0.031250
0 0.689063 0.831055 0.014063 0.019531
0 0.151562 0.831055 0.015625 0.017578
0 0.101562 0.844238 0.025000 0.030273
0 0.557422 0.840332 0.013281 0.016602
0 0.316797 0.843262 0.013281 0.016602
0 0.233203 0.845703 0.014844 0.017578
0 0.014844 0.885742 0.029687 0.095703
0 0.740234 0.854004 0.021094 0.026367
0 0.926953 0.896973 0.078906 0.102539
0 0.723828 0.867188 0.019531 0.025391
0 0.849609 0.909180 0.085156 0.107422
0 0.737500 0.870117 0.010937 0.013672
0 0.501563 0.908691 0.056250 0.063477
0 0.317188 0.889160 0.014063 0.016602
0 0.176563 0.908691 0.014063 0.016602
0 0.222266 0.909180 0.013281 0.015625
0 0.753125 0.906738 0.007812 0.010742
0 0.674219 0.925293 0.031250 0.036133
0 0.735547 0.913574 0.005469 0.008789
0 0.966406 0.942383 0.037500 0.035156
0 0.605469 0.936035 0.014063 0.016602
0 0.506641 0.944824 0.030469 0.030273
0 0.687109 0.943359 0.014844 0.019531
0 0.954297 0.957031 0.033594 0.044922
0 0.661328 0.946777 0.014844 0.022461
0 0.924219 0.956055 0.031250 0.037109
0 0.676172 0.954102 0.019531 0.023438
0 0.987109 0.966797 0.025781 0.041016
0 0.267969 0.956543 0.015625 0.018555
0 0.367969 0.966309 0.025000 0.034180
0 0.390625 0.968262 0.023438 0.028320
0 0.748437 0.968262 0.021875 0.028320
0 0.464062 0.974609 0.025000 0.033203
0 0.080469 0.965820 0.010937 0.011719
0 0.171484 0.971191 0.017969 0.022461
0 0.764453 0.972168 0.016406 0.018555
0 0.482422 0.972656 0.013281 0.017578
0 0.387500 0.986328 0.018750 0.021484
0 0.736719 0.988281 0.023438 0.023438
0 0.760938 0.989258 0.026562 0.021484
0 0.479687 0.989746 0.021875 0.020508
0 0.003906 0.992676 0.007812 0.014648
0 0.514844 0.994629 0.010937 0.008789