0 0.369922 0.010254 0.024219 0.020508
0 0.688281 0.026855 0.073438 0.053711
0 0.914844 0.022949 0.060937 0.045898
0 0.794531 0.026855 0.039062 0.049805
0 0.969141 0.019043 0.011719 0.014648
0 0.988672 0.033691 0.022656 0.032227
0 0.817578 0.033203 0.014844 0.027344
0 0.292578 0.048828 0.030469 0.042969
0 0.580469 0.050293 0.035937 0.045898
0 0.264453 0.043457 0.016406 0.024414
0 0.659375 0.045898 0.020313 0.025391
0 0.251563 0.050781 0.018750 0.025391
0 0.271875 0.051758 0.017188 0.027344
0 0.676172 0.057617 0.024219 0.025391
0 0.385937 0.060059 0.020313 0.026367
0 0.563672 0.063965 0.013281 0.024414
0 0.261328 0.068359 0.017969 0.025391
0 0.658594 0.064941 0.015625 0.016602
0 0.959766 0.067871 0.016406 0.018555
0 0.278516 0.069824 0.016406 0.020508
0 0.108594 0.067383 0.010937 0.013672
0 0.426953 0.134766 0.102344 0.146484
0 0.816406 0.078613 0.014063 0.018555
0 0.252734 0.087891 0.021094 0.025391
0 0.269922 0.085449 0.016406 0.020508
0 0.605469 0.102539 0.017188 0.025391
0 0.256641 0.106445 0.016406 0.017578
0 0.385547 0.111328 0.016406 0.023438
0 0.614062 0.111328 0.018750 0.019531
0 0.596484 0.117188 0.017969 0.023438
0 0.862109 0.134766 0.046094 0.054688
0 0.831641 0.138184 0.017969 0.026367
0 0.130469 0.152344 0.026562 0.025391
0 0.253125 0.152344 0.018750 0.025391
0 0.883984 0.156738 0.027344 0.032227
0 0.842969 0.156738 0.012500 0.014648
0 0.560547 0.165527 0.019531 0.026367
0 0.124609 0.165527 0.019531 0.022461
0 0.306641 0.168457 0.017969 0.022461
0 0.595313 0.169922 0.014063 0.017578
0 0.604297 0.173828 0.014844 0.017578
0 0.025781 0.176758 0.017188 0.021484
0 0.925781 0.183105 0.028125 0.034180
0 0.591797 0.183594 0.014844 0.017578
0 0.613672 0.195312 0.032031 0.041016
0 0.451953 0.194824 0.022656 0.022461
0 0.519531 0.191406 0.018750 0.015625
0 0.310156 0.193359 0.015625 0.013672
0 0.591797 0.199219 0.013281 0.015625
0 0.519922 0.207520 0.021094 0.024414
0 0.502734 0.207520 0.014844 0.018555
0 0.310937 0.204590 0.009375 0.010742
0 0.307422 0.215820 0.010156 0.013672
0 0.375000 0.230957 0.018750 0.024414
0 0.979688 0.229492 0.015625 0.019531
0 0.265625 0.262207 0.054688 0.069336
0 0.906641 0.307129 0.128906 0.159180
0 0.040625 0.241699 0.014063 0.016602
0 0.028125 0.270996 0.056250 0.063477
0 0.096094 0.259277 0.015625 0.020508
0 0.295703 0.266113 0.014844 0.022461
0 0.435547 0.273926 0.022656 0.030273
0 0.742188 0.268555 0.018750 0.015625
0 0.308984 0.293945 0.049219 0.062500
0 0.477734 0.272461 0.011719 0.013672
0 0.451953 0.277344 0.011719 0.017578
0 0.738672 0.298340 0.042969 0.051758
0 0.009375 0.301758 0.018750 0.029297
0 0.051172 0.309082 0.032031 0.040039
0 0.216406 0.332520 0.017188 0.084961
0 0.026172 0.314941 0.025781 0.030273
0 0.073828 0.308105 0.007031 0.010742
0 0.130078 0.317383 0.017969 0.021484
0 0.143359 0.321289 0.011719 0.019531
0 0.117578 0.320801 0.011719 0.014648
0 0.315234 0.337891 0.028906 0.033203
0 0.129688 0.353516 0.045312 0.054688
0 0.153516 0.344727 0.016406 0.037109
0 0.174219 0.359375 0.043750 0.058594
0 0.330469 0.348633 0.012500 0.015625
0 0.203906 0.357422 0.015625 0.029297
0 0.340625 0.354004 0.015625 0.022461
0 0.724219 0.359863 0.021875 0.028320
0 0.555859 0.355957 0.014844 0.016602
0 0.325000 0.361816 0.018750 0.022461
0 0.567578 0.364746 0.017969 0.022461
0 0.708984 0.369629 0.016406 0.020508
0 0.554688 0.370605 0.015625 0.016602
0 0.149609 0.377441 0.017969 0.026367
0 0.719922 0.380371 0.017969 0.020508
0 0.136328 0.380859 0.011719 0.015625
0 0.187109 0.387207 0.017969 0.020508
0 0.935937 0.393555 0.012500 0.013672
0 0.098047 0.403809 0.014844 0.018555
0 0.690625 0.404297 0.010937 0.013672
0 0.549609 0.423828 0.019531 0.029297
0 0.741016 0.442871 0.042969 0.051758
0 0.973047 0.444336 0.014844 0.015625
0 0.044141 0.448730 0.016406 0.022461
0 0.804297 0.452148 0.013281 0.015625
0 0.900000 0.456055 0.017188 0.019531
0 0.388281 0.471191 0.017188 0.024414
0 0.753906 0.470703 0.017188 0.019531
0 0.591016 0.475098 0.019531 0.024414
0 0.728516 0.475098 0.017969 0.022461
0 0.399219 0.478027 0.018750 0.024414
0 0.741406 0.474609 0.012500 0.013672
0 0.933984 0.482422 0.014844 0.019531
0 0.602344 0.504883 0.043750 0.050781
0 0.579297 0.492676 0.017969 0.024414
0 0.266016 0.496094 0.008594 0.011719
0 0.438281 0.522949 0.046875 0.053711
0 0.570703 0.506348 0.019531 0.020508
0 0.326172 0.512207 0.019531 0.024414
0 0.972656 0.524902 0.015625 0.020508
0 0.165625 0.523926 0.015625 0.016602
0 0.323828 0.526367 0.019531 0.021484
0 0.180078 0.527832 0.016406 0.020508
0 0.611328 0.536621 0.017969 0.020508
0 0.715625 0.534668 0.014063 0.016602
0 0.416797 0.539551 0.016406 0.020508
0 0.765625 0.536133 0.010937 0.013672
0 0.166406 0.555176 0.040625 0.047852
0 0.189062 0.541992 0.014063 0.019531
0 0.762109 0.548828 0.011719 0.015625
0 0.859766 0.561035 0.032031 0.040039
0 0.610156 0.556641 0.018750 0.021484
0 0.195703 0.563477 0.025781 0.033203
0 0.724219 0.574219 0.042188 0.052734
0 0.592969 0.567383 0.021875 0.027344
0 0.218359 0.575684 0.025781 0.034180
0 0.278906 0.571777 0.018750 0.024414
0 0.380859 0.570312 0.013281 0.017578
0 0.603125 0.574219 0.010937 0.017578
0 0.612500 0.577637 0.017188 0.022461
0 0.909766 0.582520 0.019531 0.024414
0 0.474609 0.580566 0.014844 0.018555
0 0.129297 0.595215 0.022656 0.032227
0 0.238672 0.608398 0.047656 0.058594
0 0.275781 0.598633 0.031250 0.039062
0 0.596094 0.603516 0.039062 0.046875
0 0.112500 0.593750 0.014063 0.017578
0 0.917188 0.601074 0.023438 0.026367
0 0.697656 0.604980 0.025000 0.030273
0 0.890234 0.627441 0.063281 0.075195
0 0.818359 0.658203 0.107031 0.134766
0 0.103906 0.620117 0.043750 0.054688
0 0.855859 0.607422 0.021094 0.025391
0 0.656250 0.603516 0.012500 0.015625
0 0.955469 0.610352 0.020313 0.029297
0 0.973047 0.613770 0.019531 0.032227
0 0.012109 0.647949 0.024219 0.088867
0 0.714063 0.614746 0.015625 0.018555
0 0.132422 0.624512 0.019531 0.024414
0 0.705859 0.624023 0.014844 0.017578
0 0.694141 0.626465 0.011719 0.014648
0 0.082031 0.635254 0.017188 0.022461
0 0.591797 0.638672 0.022656 0.025391
0 0.244141 0.641113 0.016406 0.018555
0 0.610938 0.655762 0.021875 0.030273
0 0.370703 0.654785 0.011719 0.012695
0 0.626953 0.656738 0.013281 0.016602
0 0.589844 0.667480 0.018750 0.024414
0 0.630859 0.677246 0.028906 0.036133
0 0.735938 0.666992 0.012500 0.013672
0 0.282813 0.695312 0.048438 0.060547
0 0.603516 0.675781 0.016406 0.021484
0 0.494531 0.692383 0.028125 0.037109
0 0.989453 0.686035 0.013281 0.018555
0 0.914453 0.698730 0.033594 0.041992
0 0.473047 0.691895 0.014844 0.020508
0 0.478906 0.703613 0.010937 0.014648
0 0.792188 0.728516 0.040625 0.050781
0 0.305078 0.712891 0.014844 0.017578
0 0.908594 0.721191 0.017188 0.016602
0 0.155859 0.750488 0.053906 0.069336
0 0.298047 0.730469 0.022656 0.029297
0 0.359375 0.736816 0.025000 0.032227
0 0.380859 0.740234 0.019531 0.025391
0 0.752734 0.745117 0.024219 0.033203
0 0.768750 0.738281 0.010937 0.015625
0 0.113281 0.756836 0.034375 0.044922
0 0.404687 0.750977 0.018750 0.019531
0 0.770703 0.757324 0.032031 0.030273
0 0.092969 0.752441 0.012500 0.014648
0 0.370312 0.758301 0.020313 0.026367
0 0.191797 0.765137 0.027344 0.036133
0 0.512891 0.773438 0.016406 0.017578
0 0.124609 0.777832 0.014844 0.018555
0 0.179688 0.780273 0.014063 0.019531
0 0.845313 0.820312 0.075000 0.091797
0 0.477344 0.801758 0.039062 0.050781
0 0.579297 0.781250 0.008594 0.009766
0 0.166797 0.789551 0.021094 0.024414
0 0.586719 0.805176 0.035937 0.045898
0 0.366797 0.794434 0.010156 0.018555
0 0.501172 0.798340 0.011719 0.012695
0 0.499219 0.812988 0.017188 0.020508
0 0.505078 0.838379 0.030469 0.040039
0 0.940234 0.832031 0.016406 0.019531
0 0.703906 0.843750 0.017188 0.033203
0 0.200391 0.841309 0.008594 0.010742
0 0.556641 0.845215 0.014844 0.018555
0 0.109766 0.861816 0.046094 0.049805
0 0.695703 0.853027 0.019531 0.026367
0 0.640234 0.855469 0.013281 0.015625
0 0.171875 0.874023 0.035937 0.044922
0 0.009375 0.869141 0.018750 0.025391
0 0.132422 0.872070 0.007031 0.013672
0 0.098437 0.886230 0.017188 0.018555
0 0.012109 0.894043 0.024219 0.032227
0 0.831250 0.891113 0.015625 0.020508
0 0.391797 0.907227 0.028906 0.037109
0 0.366797 0.909180 0.022656 0.029297
0 0.629687 0.907227 0.014063 0.017578
0 0.621094 0.916504 0.018750 0.022461
0 0.407813 0.912598 0.007812 0.012695
0 0.355469 0.922852 0.020313 0.023438
0 0.005078 0.922363 0.010156 0.018555
0 0.155469 0.923828 0.014063 0.017578
0 0.846094 0.928711 0.015625 0.019531
0 0.717187 0.940918 0.012500 0.016602
0 0.773438 0.950195 0.021875 0.021484
0 0.085547 0.970703 0.035156 0.044922
0 0.344531 0.972656 0.031250 0.037109
0 0.775781 0.969727 0.026562 0.029297
0 0.251953 0.968750 0.019531 0.025391
0 0.621484 0.965820 0.016406 0.019531
0 0.011328 0.979492 0.022656 0.041016
0 0.605078 0.980469 0.028906 0.037109
0 0.654687 0.975586 0.015625 0.023438
0 0.210938 0.974609 0.014063 0.015625
0 0.195703 0.984863 0.049219 0.030273
0 0.319531 0.984863 0.054688 0.030273
0 0.632422 0.984863 0.032031 0.030273
0 0.108984 0.983887 0.021094 0.026367
0 0.260156 0.981934 0.020313 0.022461
0 0.928516 0.987305 0.025781 0.025391