0 0.017969 0.015625 0.035937 0.031250
0 0.121094 0.028320 0.048438 0.056641
0 0.396875 0.021973 0.040625 0.043945
0 0.567187 0.013672 0.050000 0.027344
0 0.659375 0.008789 0.057813 0.017578
0 0.943359 0.016602 0.032031 0.033203
0 0.421094 0.012207 0.014063 0.020508
0 0.272656 0.020996 0.014063 0.018555
0 0.419531 0.033691 0.017188 0.022461
0 0.927734 0.030762 0.013281 0.016602
0 0.009766 0.040527 0.019531 0.034180
0 0.199609 0.033691 0.011719 0.014648
0 0.022266 0.037109 0.017969 0.017578
0 0.736328 0.038574 0.016406 0.018555
0 0.745703 0.043457 0.014844 0.026367
0 0.161719 0.041016 0.010937 0.015625
0 0.763281 0.057129 0.034375 0.041992
0 0.423438 0.051758 0.023438 0.029297
0 0.405078 0.048828 0.017969 0.019531
0 0.167969 0.052246 0.018750 0.024414
0 0.733594 0.062012 0.026562 0.034180
0 0.387500 0.055664 0.014063 0.019531
0 0.107422 0.072754 0.032031 0.047852
0 0.128516 0.062012 0.019531 0.020508
0 0.959766 0.067871 0.014844 0.016602
0 0.086328 0.101562 0.046094 0.056641
0 0.065625 0.085449 0.010937 0.016602
0 0.344922 0.094238 0.024219 0.028320
0 0.362109 0.109863 0.019531 0.024414
0 0.331641 0.113770 0.019531 0.024414
0 0.506250 0.116211 0.020313 0.027344
0 0.346875 0.114746 0.012500 0.014648
0 0.869141 0.118652 0.011719 0.014648
0 0.884766 0.134277 0.035156 0.043945
0 0.259375 0.130371 0.026562 0.034180
0 0.341406 0.123535 0.010937 0.012695
0 0.979688 0.130371 0.020313 0.024414
0 0.864844 0.129883 0.009375 0.013672
0 0.938672 0.133789 0.014844 0.015625
0 0.273047 0.141113 0.011719 0.016602
0 0.862500 0.141602 0.012500 0.017578
0 0.246875 0.163574 0.035937 0.047852
0 0.192578 0.159180 0.028906 0.035156
0 0.266406 0.151855 0.015625 0.018555
0 0.217969 0.158691 0.023438 0.030273
0 0.868750 0.151367 0.010937 0.015625
0 0.589063 0.157715 0.018750 0.026367
0 0.508984 0.208984 0.099219 0.125000
0 0.878906 0.155273 0.012500 0.011719
0 0.418359 0.195801 0.055469 0.071289
0 0.307812 0.170898 0.012500 0.017578
0 0.632812 0.172363 0.009375 0.014648
0 0.211328 0.220215 0.091406 0.104492
0 0.966016 0.179199 0.016406 0.018555
0 0.259375 0.209473 0.025000 0.034180
0 0.015625 0.234375 0.031250 0.046875
0 0.875391 0.224609 0.011719 0.017578
0 0.400391 0.246094 0.041406 0.052734
0 0.980078 0.229004 0.014844 0.018555
0 0.568359 0.262207 0.057031 0.075195
0 0.821484 0.252441 0.011719 0.016602
0 0.096484 0.259277 0.014844 0.018555
0 0.918359 0.261230 0.014844 0.018555
0 0.600000 0.266602 0.012500 0.027344
0 0.494922 0.287598 0.036719 0.045898
0 0.392188 0.306641 0.060937 0.074219
0 0.016797 0.284668 0.019531 0.024414
0 0.755469 0.284668 0.015625 0.018555
0 0.771875 0.291016 0.018750 0.031250
0 0.878125 0.286133 0.014063 0.017578
0 0.010156 0.303223 0.020313 0.043945
0 0.028906 0.297363 0.020313 0.026367
0 0.552734 0.292480 0.013281 0.014648
0 0.762109 0.298828 0.016406 0.021484
0 0.216016 0.318848 0.016406 0.057617
0 0.510156 0.306152 0.017188 0.022461
0 0.430859 0.317871 0.025781 0.034180
0 0.484766 0.311523 0.014844 0.017578
0 0.678906 0.344727 0.059375 0.078125
0 0.498828 0.322266 0.025781 0.027344
0 0.201172 0.331543 0.022656 0.026367
0 0.057813 0.342285 0.026562 0.032227
0 0.625000 0.362793 0.053125 0.069336
0 0.960938 0.341309 0.012500 0.014648
0 0.160938 0.342773 0.015625 0.015625
0 0.074219 0.343750 0.009375 0.013672
0 0.172266 0.368164 0.041406 0.052734
0 0.207422 0.361816 0.032031 0.040039
0 0.151953 0.352539 0.014844 0.019531
0 0.590234 0.362305 0.017969 0.029297
0 0.331641 0.371094 0.014844 0.021484
0 0.315625 0.383789 0.031250 0.039062
0 0.343359 0.383789 0.025781 0.033203
0 0.812500 0.383301 0.020313 0.026367
0 0.833203 0.388672 0.024219 0.033203
0 0.196094 0.393066 0.023438 0.032227
0 0.935156 0.390137 0.014063 0.018555
0 0.908594 0.393555 0.015625 0.019531
0 0.818750 0.396973 0.015625 0.018555
0 0.181250 0.398438 0.014063 0.017578
0 0.098047 0.403320 0.014844 0.019531
0 0.187500 0.417480 0.020313 0.024414
0 0.948438 0.413574 0.010937 0.012695
0 0.945703 0.423828 0.011719 0.011719
0 0.021484 0.445801 0.041406 0.049805
0 0.751953 0.434082 0.016406 0.018555
0 0.835156 0.446777 0.025000 0.028320
0 0.518750 0.446289 0.017188 0.023438
0 0.807422 0.467285 0.038281 0.043945
0 0.839453 0.461426 0.016406 0.016602
0 0.351562 0.463379 0.012500 0.016602
0 0.169531 0.463867 0.012500 0.015625
0 0.380859 0.468750 0.022656 0.025391
0 0.262500 0.466309 0.010937 0.014648
0 0.360938 0.468262 0.015625 0.018555
0 0.835938 0.473633 0.021875 0.023438
0 0.900391 0.472168 0.017969 0.014648
0 0.025000 0.477539 0.012500 0.017578
0 0.934375 0.481934 0.012500 0.016602
0 0.789844 0.483887 0.012500 0.016602
0 0.366406 0.487305 0.017188 0.017578
0 0.380859 0.489258 0.013281 0.019531
0 0.014844 0.491211 0.018750 0.021484
0 0.542969 0.533691 0.081250 0.092773
0 0.368359 0.504395 0.016406 0.018555
0 0.380469 0.508789 0.015625 0.019531
0 0.432031 0.521973 0.015625 0.020508
0 0.477734 0.529297 0.032031 0.031250
0 0.972656 0.525391 0.014063 0.019531
0 0.870703 0.537109 0.011719 0.013672
0 0.165625 0.546387 0.017188 0.022461
0 0.263672 0.543457 0.011719 0.014648
0 0.486328 0.597168 0.091406 0.116211
0 0.277344 0.566406 0.042188 0.050781
0 0.716406 0.574707 0.035937 0.045898
0 0.204687 0.559082 0.012500 0.012695
0 0.608594 0.561035 0.009375 0.014648
0 0.927734 0.564453 0.017969 0.019531
0 0.193359 0.562988 0.016406 0.014648
0 0.741016 0.569824 0.017969 0.024414
0 0.206641 0.578125 0.021094 0.031250
0 0.942969 0.578125 0.026562 0.031250
0 0.569531 0.574707 0.021875 0.022461
0 0.070703 0.586426 0.028906 0.034180
0 0.192578 0.576660 0.011719 0.012695
0 0.258203 0.578613 0.010156 0.014648
0 0.750000 0.588379 0.026562 0.030273
0 0.551562 0.584473 0.018750 0.020508
0 0.926172 0.580566 0.010156 0.012695
0 0.354687 0.581055 0.007812 0.009766
0 0.347656 0.608398 0.040625 0.052734
0 0.263672 0.594238 0.017969 0.022461
0 0.929297 0.599121 0.021094 0.028320
0 0.088672 0.608398 0.019531 0.029297
0 0.591016 0.606934 0.019531 0.024414
0 0.751953 0.608398 0.017969 0.017578
0 0.071484 0.612305 0.019531 0.023438
0 0.573828 0.611816 0.016406 0.022461
0 0.919922 0.629883 0.044531 0.054688
0 0.946094 0.622070 0.021875 0.023438
0 0.585156 0.623535 0.021875 0.022461
0 0.681641 0.627441 0.016406 0.018555
0 0.797266 0.629883 0.016406 0.021484
0 0.576953 0.637695 0.024219 0.029297
0 0.684766 0.637695 0.016406 0.013672
0 0.686328 0.648438 0.017969 0.023438
0 0.707422 0.647461 0.016406 0.019531
0 0.939063 0.655273 0.023438 0.027344
0 0.926172 0.662109 0.014844 0.019531
0 0.708984 0.664062 0.013281 0.017578
0 0.686719 0.667969 0.014063 0.019531
0 0.701562 0.669434 0.017188 0.022461
0 0.336719 0.674805 0.014063 0.015625
0 0.824219 0.689941 0.010937 0.012695
0 0.282813 0.707031 0.029687 0.039062
0 0.834375 0.698730 0.015625 0.022461
0 0.939844 0.701660 0.015625 0.018555
0 0.775781 0.704590 0.014063 0.018555
0 0.020313 0.720215 0.020313 0.020508
0 0.482031 0.722656 0.012500 0.013672
0 0.246875 0.725586 0.020313 0.015625
0 0.227344 0.735352 0.023438 0.029297
0 0.275781 0.744629 0.028125 0.040039
0 0.489844 0.752441 0.042188 0.053711
0 0.066016 0.735352 0.013281 0.017578
0 0.248828 0.746094 0.025781 0.033203
0 0.187891 0.743164 0.017969 0.023438
0 0.294922 0.746094 0.011719 0.015625
0 0.402344 0.770996 0.046875 0.059570
0 0.805469 0.764648 0.037500 0.044922
0 0.181250 0.755859 0.018750 0.019531
0 0.194141 0.763184 0.014844 0.028320
0 0.973828 0.754395 0.010156 0.010742
0 0.080859 0.763184 0.011719 0.014648
0 0.658984 0.777344 0.025781 0.029297
0 0.737109 0.790527 0.042969 0.051758
0 0.067578 0.773926 0.013281 0.014648
0 0.818359 0.781250 0.021094 0.027344
0 0.812109 0.799316 0.022656 0.030273
0 0.427344 0.803223 0.029687 0.036133
0 0.660937 0.793945 0.017188 0.017578
0 0.185547 0.818848 0.013281 0.014648
0 0.733203 0.825684 0.021094 0.026367
0 0.041016 0.826660 0.022656 0.026367
0 0.204687 0.826172 0.018750 0.025391
0 0.657031 0.871582 0.079687 0.098633
0 0.186719 0.837402 0.025000 0.026367
0 0.557031 0.842285 0.018750 0.022461
0 0.045312 0.842285 0.017188 0.016602
0 0.542578 0.847168 0.016406 0.018555
0 0.223828 0.851562 0.017969 0.023438
0 0.180469 0.860840 0.023438 0.036133
0 0.189062 0.855469 0.010937 0.013672
0 0.550000 0.868652 0.025000 0.030273
0 0.357812 0.875000 0.017188 0.019531
0 0.827734 0.881836 0.022656 0.023438
0 0.027734 0.898926 0.046094 0.055664
0 0.614844 0.893555 0.021875 0.031250
0 0.344922 0.903809 0.039844 0.049805
0 0.367578 0.889648 0.014844 0.019531
0 0.523438 0.896973 0.014063 0.018555
0 0.837109 0.901855 0.019531 0.026367
0 0.821484 0.901855 0.017969 0.022461
0 0.514844 0.905273 0.018750 0.019531
0 0.537500 0.914062 0.028125 0.037109
0 0.626563 0.906250 0.014063 0.017578
0 0.805859 0.915039 0.021094 0.033203
0 0.637891 0.922363 0.024219 0.030273
0 0.678125 0.924316 0.029687 0.034180
0 0.819141 0.917969 0.011719 0.021484
0 0.832422 0.925781 0.025781 0.029297
0 0.516016 0.925293 0.019531 0.026367
0 0.572266 0.922852 0.013281 0.019531
0 0.049609 0.926270 0.019531 0.024414
0 0.324219 0.926758 0.018750 0.025391
0 0.155078 0.923828 0.014844 0.017578
0 0.527344 0.933594 0.017188 0.025391
0 0.017188 0.936035 0.023438 0.028320
0 0.334766 0.931152 0.013281 0.018555
0 0.033594 0.930664 0.012500 0.015625
0 0.416016 0.928711 0.010156 0.011719
0 0.316016 0.935059 0.014844 0.018555
0 0.250000 0.935059 0.014063 0.016602
0 0.065234 0.949707 0.030469 0.038086
0 0.752734 0.964355 0.055469 0.061523
0 0.682422 0.947754 0.028906 0.024414
0 0.047266 0.945801 0.014844 0.016602
0 0.885156 0.951660 0.010937 0.014648
0 0.996484 0.958496 0.007031 0.026367
0 0.058594 0.981445 0.021875 0.031250
0 0.290625 0.972168 0.009375 0.012695
0 0.042188 0.981934 0.012500 0.016602
0 0.778906 0.987305 0.023438 0.025391
0 0.954297 0.991699 0.022656 0.016602
0 0.501172 0.992676 0.028906 0.014648