0 0.095312 0.011230 0.025000 0.022461
0 0.290625 0.004395 0.025000 0.008789
0 0.465625 0.005371 0.029687 0.010742
0 0.684375 0.003906 0.014063 0.007812
0 0.698438 0.007324 0.015625 0.014648
0 0.932422 0.015137 0.028906 0.030273
0 0.710156 0.011719 0.017188 0.021484
0 0.831250 0.014648 0.020313 0.025391
0 0.659766 0.013672 0.016406 0.021484
0 0.085547 0.025879 0.032031 0.040039
0 0.272656 0.021484 0.015625 0.019531
0 0.486719 0.062988 0.075000 0.098633
0 0.377344 0.038574 0.020313 0.026367
0 0.704297 0.038086 0.014844 0.017578
0 0.073828 0.040039 0.016406 0.019531
0 0.343750 0.051758 0.017188 0.023438
0 0.529687 0.056152 0.020313 0.032227
0 0.387891 0.055664 0.013281 0.019531
0 0.564453 0.060059 0.016406 0.022461
0 0.874609 0.063477 0.024219 0.027344
0 0.625781 0.063477 0.015625 0.023438
0 0.959766 0.067871 0.016406 0.018555
0 0.063672 0.081543 0.017969 0.022461
0 0.223438 0.097168 0.023438 0.028320
0 0.773828 0.117676 0.022656 0.030273
0 0.221484 0.118164 0.016406 0.019531
0 0.758594 0.118164 0.009375 0.015625
0 0.231641 0.136719 0.017969 0.021484
0 0.887891 0.160645 0.055469 0.061523
0 0.978125 0.148438 0.021875 0.025391
0 0.083594 0.154785 0.017188 0.022461
0 0.515625 0.156738 0.018750 0.024414
0 0.854297 0.160156 0.016406 0.031250
0 0.170313 0.157715 0.018750 0.022461
0 0.661719 0.169434 0.034375 0.043945
0 0.337891 0.166992 0.024219 0.031250
0 0.106250 0.165527 0.018750 0.022461
0 0.307812 0.170898 0.014063 0.019531
0 0.605859 0.185059 0.027344 0.034180
0 0.109766 0.182129 0.011719 0.014648
0 0.339844 0.200195 0.014063 0.015625
0 0.467578 0.223145 0.036719 0.047852
0 0.447656 0.214844 0.010937 0.015625
0 0.979688 0.229492 0.015625 0.019531
0 0.293750 0.231934 0.018750 0.022461
0 0.065625 0.247559 0.017188 0.020508
0 0.799219 0.262207 0.028125 0.034180
0 0.096484 0.259277 0.014844 0.018555
0 0.917969 0.260742 0.015625 0.019531
0 0.436328 0.271973 0.017969 0.022461
0 0.351953 0.277344 0.019531 0.025391
0 0.330469 0.283691 0.028125 0.036133
0 0.524219 0.274414 0.012500 0.015625
0 0.154297 0.279785 0.017969 0.022461
0 0.672266 0.280762 0.017969 0.022461
0 0.216016 0.323730 0.016406 0.067383
0 0.055078 0.330566 0.039844 0.049805
0 0.525781 0.335449 0.045312 0.057617
0 0.365234 0.318359 0.013281 0.017578
0 0.392578 0.333008 0.028906 0.039062
0 0.200781 0.358887 0.021875 0.030273
0 0.581250 0.353516 0.014063 0.015625
0 0.144922 0.361328 0.024219 0.027344
0 0.232813 0.363770 0.026562 0.032227
0 0.866406 0.386230 0.064062 0.077148
0 0.315625 0.363281 0.020313 0.025391
0 0.480469 0.367188 0.025000 0.031250
0 0.582031 0.372070 0.020313 0.023438
0 0.217578 0.379883 0.019531 0.023438
0 0.137891 0.396973 0.028906 0.040039
0 0.935156 0.390137 0.015625 0.018555
0 0.816406 0.398926 0.017188 0.024414
0 0.800391 0.398438 0.014844 0.021484
0 0.098047 0.403809 0.014844 0.018555
0 0.963281 0.405762 0.010937 0.012695
0 0.032422 0.412598 0.019531 0.024414
0 0.588672 0.411621 0.017969 0.022461
0 0.288281 0.416016 0.023438 0.029297
0 0.273438 0.432129 0.018750 0.022461
0 0.790625 0.429688 0.014063 0.015625
0 0.483984 0.433105 0.016406 0.018555
0 0.300781 0.431641 0.009375 0.011719
0 0.376563 0.436523 0.015625 0.017578
0 0.545312 0.450195 0.015625 0.013672
0 0.778906 0.467773 0.018750 0.025391
0 0.867578 0.503906 0.071094 0.082031
0 0.683203 0.502930 0.063281 0.078125
0 0.934375 0.482422 0.014063 0.019531
0 0.471875 0.486816 0.015625 0.018555
0 0.376563 0.506836 0.021875 0.027344
0 0.255469 0.525391 0.032813 0.041016
0 0.046094 0.527832 0.028125 0.038086
0 0.538672 0.522461 0.019531 0.025391
0 0.114062 0.522461 0.021875 0.023438
0 0.091797 0.525879 0.017969 0.028320
0 0.972266 0.524902 0.014844 0.020508
0 0.954297 0.531738 0.016406 0.016602
0 0.211719 0.540039 0.017188 0.021484
0 0.283203 0.548828 0.019531 0.029297
0 0.856250 0.543457 0.017188 0.016602
0 0.174219 0.547363 0.017188 0.018555
0 0.340234 0.551270 0.011719 0.016602
0 0.113672 0.556152 0.014844 0.018555
0 0.608594 0.561035 0.012500 0.016602
0 0.474609 0.580566 0.014844 0.018555
0 0.435547 0.580566 0.013281 0.014648
0 0.453516 0.587402 0.016406 0.020508
0 0.566406 0.605469 0.034375 0.042969
0 0.437500 0.609863 0.037500 0.045898
0 0.658203 0.617676 0.024219 0.030273
0 0.673047 0.611328 0.013281 0.015625
0 0.850781 0.610840 0.010937 0.014648
0 0.019141 0.627930 0.030469 0.037109
0 0.888672 0.641113 0.033594 0.041992
0 0.247266 0.640625 0.019531 0.017578
0 0.407813 0.644531 0.017188 0.023438
0 0.491797 0.645996 0.019531 0.022461
0 0.009766 0.649902 0.017969 0.026367
0 0.025000 0.654297 0.015625 0.021484
0 0.248828 0.660156 0.013281 0.017578
0 0.838281 0.667969 0.018750 0.023438
0 0.298438 0.672852 0.020313 0.025391
0 0.872656 0.685547 0.014063 0.013672
0 0.089063 0.688477 0.017188 0.017578
0 0.776172 0.704102 0.014844 0.019531
0 0.366797 0.710449 0.017969 0.024414
0 0.912891 0.705566 0.013281 0.014648
0 0.446094 0.717773 0.014063 0.031250
0 0.550000 0.713867 0.017188 0.023438
0 0.072656 0.724121 0.031250 0.040039
0 0.564063 0.714844 0.012500 0.013672
0 0.998437 0.716309 0.003125 0.016602
0 0.297266 0.737793 0.046094 0.055664
0 0.756250 0.715820 0.014063 0.011719
0 0.133594 0.725098 0.015625 0.020508
0 0.560156 0.726074 0.014063 0.016602
0 0.756250 0.751953 0.051562 0.064453
0 0.043750 0.745605 0.040625 0.049805
0 0.183594 0.733887 0.014063 0.018555
0 0.834766 0.749023 0.014844 0.021484
0 0.854688 0.758789 0.020313 0.023438
0 0.803516 0.759277 0.017969 0.020508
0 0.344531 0.767578 0.018750 0.021484
0 0.921484 0.774414 0.021094 0.025391
0 0.903906 0.775879 0.017188 0.024414
0 0.400391 0.782227 0.014844 0.023438
0 0.448437 0.793945 0.032813 0.041016
0 0.346094 0.786133 0.014063 0.017578
0 0.469531 0.791016 0.012500 0.019531
0 0.912891 0.792480 0.019531 0.022461
0 0.788672 0.798340 0.017969 0.020508
0 0.785937 0.812988 0.014063 0.016602
0 0.939844 0.848633 0.050000 0.064453
0 0.134766 0.842285 0.033594 0.038086
0 0.170703 0.849609 0.042969 0.052734
0 0.973047 0.841797 0.022656 0.029297
0 0.598437 0.838867 0.014063 0.021484
0 0.557031 0.844727 0.014063 0.019531
0 0.237500 0.849121 0.015625 0.020508
0 0.727344 0.864258 0.025000 0.033203
0 0.123438 0.861328 0.017188 0.017578
0 0.134375 0.881836 0.034375 0.042969
0 0.457422 0.867676 0.010156 0.012695
0 0.833203 0.888672 0.021094 0.027344
0 0.041406 0.909668 0.051562 0.067383
0 0.225000 0.895508 0.021875 0.029297
0 0.285938 0.904297 0.014063 0.017578
0 0.372266 0.938477 0.038281 0.048828
0 0.155469 0.923828 0.014063 0.017578
0 0.845703 0.928711 0.014844 0.019531
0 0.275391 0.950684 0.035156 0.043945
0 0.621484 0.942383 0.021094 0.027344
0 0.962891 0.939453 0.011719 0.013672
0 0.756641 0.952148 0.016406 0.023438
0 0.745313 0.949707 0.007812 0.010742
0 0.169141 0.956055 0.016406 0.021484
0 0.253906 0.954590 0.010937 0.014648
0 0.986719 0.957520 0.015625 0.018555
0 0.792969 0.967285 0.018750 0.024414
0 0.008984 0.966309 0.014844 0.018555
0 0.158984 0.970703 0.017969 0.023438
0 0.278906 0.976562 0.014063 0.015625
0 0.292969 0.987793 0.031250 0.024414
0 0.497266 0.992188 0.016406 0.015625
0 0.512109 0.992188 0.013281 0.015625
0 0.842187 0.992188 0.012500 0.013672
0 0.810156 0.994141 0.009375 0.011719
0 0.481641 0.998047 0.016406 0.003906