0 0.034375 0.012207 0.021875 0.024414
0 0.355078 0.012207 0.025781 0.024414
0 0.489844 0.011230 0.020313 0.020508
0 0.238281 0.012695 0.014063 0.017578
0 0.970313 0.018066 0.010937 0.014648
0 0.272656 0.020996 0.014063 0.018555
0 0.047656 0.036133 0.037500 0.046875
0 0.938281 0.020996 0.014063 0.016602
0 0.242188 0.023926 0.017188 0.020508
0 0.348828 0.023926 0.013281 0.014648
0 0.973828 0.039551 0.028906 0.036133
0 0.750000 0.037109 0.018750 0.027344
0 0.247266 0.032715 0.013281 0.016602
0 0.076563 0.046387 0.029687 0.038086
0 0.559766 0.044434 0.016406 0.028320
0 0.572266 0.044922 0.014844 0.025391
0 0.329688 0.046387 0.012500 0.014648
0 0.553125 0.056152 0.020313 0.028320
0 0.387500 0.054688 0.014063 0.021484
0 0.332422 0.059082 0.016406 0.020508
0 0.184375 0.060059 0.015625 0.020508
0 0.348828 0.057617 0.008594 0.011719
0 0.053125 0.061523 0.015625 0.017578
0 0.492188 0.072266 0.020313 0.033203
0 0.084766 0.068848 0.021094 0.022461
0 0.960156 0.067871 0.014063 0.016602
0 0.193750 0.070801 0.015625 0.020508
0 0.713672 0.069336 0.022656 0.017578
0 0.065234 0.086914 0.041406 0.042969
0 0.740625 0.083496 0.017188 0.020508
0 0.373047 0.089355 0.016406 0.022461
0 0.989062 0.086914 0.014063 0.017578
0 0.832031 0.094727 0.015625 0.019531
0 0.001953 0.108398 0.003906 0.013672
0 0.758984 0.125000 0.016406 0.021484
0 0.976953 0.134277 0.022656 0.024414
0 0.182812 0.134766 0.012500 0.017578
0 0.987109 0.149902 0.016406 0.020508
0 0.972266 0.152832 0.013281 0.014648
0 0.153906 0.153809 0.009375 0.010742
0 0.978906 0.160156 0.015625 0.015625
0 0.146094 0.164551 0.009375 0.012695
0 0.307812 0.170898 0.014063 0.017578
0 0.122266 0.170410 0.013281 0.014648
0 0.612109 0.177246 0.017969 0.022461
0 0.117969 0.180176 0.015625 0.022461
0 0.086719 0.184570 0.018750 0.023438
0 0.327344 0.184570 0.017188 0.013672
0 0.608984 0.196289 0.024219 0.027344
0 0.808203 0.199219 0.019531 0.023438
0 0.791016 0.207031 0.021094 0.027344
0 0.775781 0.208496 0.015625 0.018555
0 0.817578 0.210449 0.016406 0.020508
0 0.806250 0.219238 0.017188 0.018555
0 0.774609 0.234375 0.036719 0.042969
0 0.791797 0.221191 0.014844 0.016602
0 0.979688 0.229492 0.014063 0.017578
0 0.799609 0.230957 0.019531 0.018555
0 0.312891 0.249512 0.028906 0.049805
0 0.430859 0.237305 0.019531 0.025391
0 0.297656 0.265137 0.045312 0.065430
0 0.551562 0.248535 0.023438 0.032227
0 0.437891 0.247070 0.016406 0.021484
0 0.475000 0.245117 0.012500 0.017578
0 0.537109 0.251953 0.016406 0.017578
0 0.696875 0.259766 0.021875 0.023438
0 0.832422 0.262695 0.017969 0.029297
0 0.096484 0.259277 0.016406 0.020508
0 0.734375 0.285156 0.060937 0.072266
0 0.918359 0.261230 0.013281 0.018555
0 0.813281 0.266113 0.014063 0.020508
0 0.537500 0.283203 0.040625 0.048828
0 0.691797 0.282715 0.024219 0.032227
0 0.560547 0.286621 0.013281 0.016602
0 0.877734 0.286133 0.011719 0.015625
0 0.925781 0.290527 0.009375 0.012695
0 0.216406 0.332031 0.017188 0.085938
0 0.486328 0.301758 0.019531 0.019531
0 0.520703 0.303711 0.016406 0.019531
0 0.583594 0.314941 0.021875 0.028320
0 0.754687 0.315430 0.020313 0.027344
0 0.367969 0.350098 0.073438 0.090820
0 0.982812 0.316406 0.017188 0.019531
0 0.741406 0.324707 0.015625 0.020508
0 0.935547 0.325684 0.014844 0.016602
0 0.240234 0.337891 0.024219 0.037109
0 0.017969 0.332031 0.023438 0.023438
0 0.938281 0.340820 0.023438 0.029297
0 0.491016 0.347656 0.017969 0.023438
0 0.925781 0.347168 0.014063 0.018555
0 0.200781 0.358887 0.023438 0.032227
0 0.153516 0.414062 0.071094 0.089844
0 0.504297 0.383301 0.017969 0.022461
0 0.448437 0.384766 0.014063 0.017578
0 0.934766 0.390137 0.014844 0.018555
0 0.971094 0.394531 0.009375 0.013672
0 0.199609 0.411133 0.032031 0.042969
0 0.097656 0.403320 0.015625 0.019531
0 0.708203 0.407227 0.014844 0.019531
0 0.859375 0.451172 0.020313 0.025391
0 0.751563 0.519531 0.081250 0.109375
0 0.981250 0.496094 0.037500 0.058594
0 0.547266 0.494629 0.038281 0.047852
0 0.574609 0.487305 0.022656 0.031250
0 0.933984 0.481934 0.014844 0.018555
0 0.325781 0.488770 0.012500 0.020508
0 0.512500 0.515625 0.026562 0.035156
0 0.531641 0.514160 0.016406 0.020508
0 0.558203 0.515625 0.014844 0.017578
0 0.286719 0.518066 0.020313 0.018555
0 0.972656 0.525879 0.015625 0.018555
0 0.297656 0.533691 0.017188 0.028320
0 0.989062 0.530762 0.021875 0.018555
0 0.284375 0.536133 0.012500 0.017578
0 0.880078 0.549316 0.019531 0.022461
0 0.909375 0.550781 0.018750 0.025391
0 0.608203 0.561523 0.013281 0.019531
0 0.369531 0.565918 0.020313 0.024414
0 0.474609 0.580078 0.014844 0.019531
0 0.927344 0.583496 0.018750 0.026367
0 0.582812 0.587891 0.012500 0.017578
0 0.179297 0.621094 0.050781 0.062500
0 0.685156 0.605469 0.023438 0.025391
0 0.716406 0.608398 0.020313 0.023438
0 0.049609 0.614746 0.022656 0.028320
0 0.063672 0.620605 0.011719 0.016602
0 0.694922 0.623535 0.014844 0.022461
0 0.681250 0.625488 0.018750 0.022461
0 0.593359 0.632812 0.017969 0.023438
0 0.450781 0.637695 0.018750 0.023438
0 0.833984 0.647461 0.017969 0.017578
0 0.989844 0.677734 0.018750 0.074219
0 0.541797 0.653320 0.008594 0.009766
0 0.008594 0.660156 0.017188 0.019531
0 0.559375 0.674316 0.028125 0.038086
0 0.538672 0.671875 0.013281 0.021484
0 0.005859 0.681641 0.011719 0.033203
0 0.744922 0.689941 0.021094 0.026367
0 0.700000 0.689453 0.014063 0.019531
0 0.383203 0.696777 0.022656 0.028320
0 0.801953 0.695801 0.019531 0.026367
0 0.121484 0.699707 0.021094 0.024414
0 0.775781 0.705078 0.014063 0.019531
0 0.255469 0.747070 0.067187 0.082031
0 0.646094 0.731934 0.012500 0.024414
0 0.183984 0.734375 0.014844 0.019531
0 0.065625 0.735352 0.014063 0.019531
0 0.956641 0.738770 0.010156 0.014648
0 0.317578 0.782227 0.075781 0.097656
0 0.911719 0.747070 0.014063 0.017578
0 0.216797 0.755859 0.017969 0.029297
0 0.921094 0.753906 0.015625 0.019531
0 0.933203 0.770508 0.027344 0.035156
0 0.913281 0.763184 0.014063 0.016602
0 0.003906 0.790039 0.007812 0.019531
0 0.110547 0.793945 0.021094 0.025391
0 0.914453 0.789551 0.011719 0.014648
0 0.077344 0.793945 0.018750 0.015625
0 0.499609 0.804199 0.019531 0.036133
0 0.514062 0.810547 0.031250 0.039062
0 0.925000 0.804199 0.021875 0.024414
0 0.654687 0.836914 0.043750 0.054688
0 0.632031 0.822266 0.012500 0.015625
0 0.557422 0.845215 0.014844 0.018555
0 0.663672 0.863770 0.016406 0.018555
0 0.544922 0.884277 0.039844 0.051758
0 0.682031 0.868652 0.014063 0.018555
0 0.655859 0.877930 0.025781 0.027344
0 0.982031 0.878418 0.020313 0.024414
0 0.973047 0.882324 0.021094 0.028320
0 0.959766 0.879883 0.011719 0.019531
0 0.651953 0.886719 0.019531 0.021484
0 0.945703 0.913086 0.046094 0.064453
0 0.648047 0.907715 0.027344 0.030273
0 0.155469 0.923828 0.015625 0.019531
0 0.978125 0.926270 0.021875 0.024414
0 0.846484 0.928223 0.014844 0.018555
0 0.968750 0.935059 0.020313 0.028320
0 0.742188 0.938477 0.014063 0.017578
0 0.017969 0.972656 0.032813 0.039062
0 0.739844 0.967285 0.018750 0.024414
0 0.679688 0.979004 0.009375 0.014648
0 0.816797 0.991699 0.024219 0.016602
0 0.028906 0.993164 0.014063 0.013672
0 0.431250 0.996094 0.029687 0.007812
0 0.762891 0.996094 0.011719 0.007812